,URGENT,AIRCRAFT,REPORT,TURBULENCE,PRODUCT_ID,FL,LAT,LON,datetime,turbulence_intensity,Plane Weight,nexrad_sites,aws_files
107598,F,E145,ATL UA /OV LGC200030/TM 0016/FL330/TP E145/TB NEG/RM ZTLFD-09,NEG,202503270000-KMSC-UBUS01-PIREP,33000.0,32.538975632017845,-85.2765531313651,2025-03-27 00:16:00,0.0,M,"('KMXX', 'KFFC', 'KEOX', 'KBMX', 'KJGX')","['s3://noaa-nexrad-level2/2025/03/27/KMXX/KMXX20250327_001355_V06', 's3://noaa-nexrad-level2/2025/03/27/KFFC/KFFC20250327_001007_V06', 's3://noaa-nexrad-level2/2025/03/27/KEOX/KEOX20250327_001148_V06', 's3://noaa-nexrad-level2/2025/03/27/KBMX/KBMX20250327_001402_V06', 's3://noaa-nexrad-level2/2025/03/27/KJGX/KJGX20250327_001203_V06']"
107599,F,A321,ATL UA /OV VUZ165020/TM 0016/FL280/TP A321/TB LGT - MOD/RM ZTLFD-03,LGT - MOD,202503270000-KMSC-UBUS01-PIREP,28000.0,33.34799864454692,-86.79632854206459,2025-03-27 00:16:00,2.0,M,"('KBMX', 'KMXX', 'KGWX', 'KHTX', 'KFFC')","['s3://noaa-nexrad-level2/2025/03/27/KBMX/KBMX20250327_001402_V06', 's3://noaa-nexrad-level2/2025/03/27/KMXX/KMXX20250327_001355_V06', 's3://noaa-nexrad-level2/2025/03/27/KGWX/KGWX20250327_001120_V06', 's3://noaa-nexrad-level2/2025/03/27/KHTX/KHTX20250327_001437_V06', 's3://noaa-nexrad-level2/2025/03/27/KFFC/KFFC20250327_001007_V06']"
107600,F,B738,ATL UA /OV RQZ360020/TM 0016/FL340/TP B738/TB NEG/RM ZTLFD-06,NEG,202503270000-KMSC-UBUS01-PIREP,34000.0,35.13336033336033,-86.63,2025-03-27 00:16:00,0.0,M,"('KHTX', 'KOHX', 'KHPX', 'KBMX', 'KGWX')","['s3://noaa-nexrad-level2/2025/03/27/KHTX/KHTX20250327_001437_V06', 's3://noaa-nexrad-level2/2025/03/27/KOHX/KOHX20250327_001509_V06', 's3://noaa-nexrad-level2/2025/03/27/KHPX/KHPX20250327_001034_V06', 's3://noaa-nexrad-level2/2025/03/27/KBMX/KBMX20250327_001402_V06', 's3://noaa-nexrad-level2/2025/03/27/KGWX/KGWX20250327_001120_V06']"
107601,F,A321,ATL UA /OV MVC/TM 0016/FL280/TP A321/TB MOD/RM ZTLFD-11,MOD,202503270000-KMSC-UBUS01-PIREP,28000.0,31.45,-87.35,2025-03-27 00:16:00,3.0,M,"('KMOB', 'KEVX', 'KBMX', 'KEOX', 'KMXX')","['s3://noaa-nexrad-level2/2025/03/27/KMOB/KMOB20250327_001049_V06', 's3://noaa-nexrad-level2/2025/03/27/KEVX/KEVX20250327_001454_V06', 's3://noaa-nexrad-level2/2025/03/27/KBMX/KBMX20250327_001402_V06', 's3://noaa-nexrad-level2/2025/03/27/KEOX/KEOX20250327_001148_V06', 's3://noaa-nexrad-level2/2025/03/27/KMXX/KMXX20250327_001355_V06']"
107602,F,C560,ATL UA /OV IRQ180020/TM 0016/FL400/TP C560/TB NEG/RM ZTLFD-23,NEG,202503270000-KMSC-UBUS01-PIREP,40000.0,33.37663966663967,-82.16,2025-03-27 00:16:00,0.0,M,"('KCAE', 'KCLX', 'KJGX', 'KGSP', 'KFFC')","['s3://noaa-nexrad-level2/2025/03/27/KCAE/KCAE20250327_001157_V06', 's3://noaa-nexrad-level2/2025/03/27/KJGX/KJGX20250327_001203_V06', 's3://noaa-nexrad-level2/2025/03/27/KGSP/KGSP20250327_001344_V06', 's3://noaa-nexrad-level2/2025/03/27/KFFC/KFFC20250327_001007_V06']"
107603,F,A319,ATL UA /OV ELW/TM 0016/FL270/TP A319/TB LGT/RM ZTLFD-32,LGT,202503270000-KMSC-UBUS01-PIREP,27000.0,34.42,-82.78,2025-03-27 00:16:00,1.0,M,"('KGSP', 'KCAE', 'KJGX', 'KMRX', 'KFFC')","['s3://noaa-nexrad-level2/2025/03/27/KGSP/KGSP20250327_001344_V06', 's3://noaa-nexrad-level2/2025/03/27/KCAE/KCAE20250327_001157_V06', 's3://noaa-nexrad-level2/2025/03/27/KJGX/KJGX20250327_001203_V06', 's3://noaa-nexrad-level2/2025/03/27/KMRX/KMRX20250327_001104_V06', 's3://noaa-nexrad-level2/2025/03/27/KFFC/KFFC20250327_001007_V06']"
107604,F,B38M,ATL UA /OV BZM170010/TM 0016/FL150/TP B38M/TB LGT CHOP/RM ZTLFD-44,LGT CHOP,202503270000-KMSC-UBUS01-PIREP,15000.0,35.705852079580005,-81.20428239788734,2025-03-27 00:16:00,1.0,U,"('KGSP', 'KFCX', 'KCAE', 'KMRX', 'KRLX')","['s3://noaa-nexrad-level2/2025/03/27/KGSP/KGSP20250327_001344_V06', 's3://noaa-nexrad-level2/2025/03/27/KFCX/KFCX20250327_000906_V06', 's3://noaa-nexrad-level2/2025/03/27/KCAE/KCAE20250327_001157_V06', 's3://noaa-nexrad-level2/2025/03/27/KMRX/KMRX20250327_001104_V06', 's3://noaa-nexrad-level2/2025/03/27/KRLX/KRLX20250327_000935_V06']"
107605,F,E75L,MLP UA /OV MLP140030/TM 0018/FL360/TP E75L/TB INTMT LGT /RM VERY LGT ZSE,INTMT LGT,202503270000-KMSC-UBUS01-PIREP,36000.0,47.07176475360954,-115.1957553899964,2025-03-27 00:18:00,1.0,U,"('KMSX', 'KOTX', 'KCBX', 'KTFX', 'KPDT')","['s3://noaa-nexrad-level2/2025/03/27/KMSX/KMSX20250327_001326_V06', 's3://noaa-nexrad-level2/2025/03/27/KOTX/KOTX20250327_001504_V06', 's3://noaa-nexrad-level2/2025/03/27/KCBX/KCBX20250327_001452_V06', 's3://noaa-nexrad-level2/2025/03/27/KTFX/KTFX20250327_001516_V06', 's3://noaa-nexrad-level2/2025/03/27/KPDT/KPDT20250327_001403_V06']"
107606,F,B738,MSP UA /OV FOW/TM 0019/FL165/TP B738/TB LGT CHOP/RM DURD NITZR3 KMSP,LGT CHOP,202503270000-KMSC-UBUS01-PIREP,16500.0,44.2,-93.37,2025-03-27 00:19:00,1.0,M,"('KMPX', 'KARX', 'KDMX', 'KDLH', 'KFSD')","['s3://noaa-nexrad-level2/2025/03/27/KMPX/KMPX20250327_001830_V06', 's3://noaa-nexrad-level2/2025/03/27/KARX/KARX20250327_001515_V06', 's3://noaa-nexrad-level2/2025/03/27/KDMX/KDMX20250327_001747_V06', 's3://noaa-nexrad-level2/2025/03/27/KDLH/KDLH20250327_001200_V06', 's3://noaa-nexrad-level2/2025/03/27/KFSD/KFSD20250327_001736_V06']"
107607,F,CRJ7,CRP UA /OV CRP180035/TM 0019/FL160/TP CRJ7/TB MOD/RM ZHU,MOD,202503270000-KMSC-UBUS01-PIREP,16000.0,27.189679416619416,-97.51278,2025-03-27 00:19:00,3.0,M,"('KCRP', 'KBRO', 'KEWX', 'KHGX', 'KDFX')","['s3://noaa-nexrad-level2/2025/03/27/KCRP/KCRP20250327_001430_V06', 's3://noaa-nexrad-level2/2025/03/27/KBRO/KBRO20250327_001756_V06', 's3://noaa-nexrad-level2/2025/03/27/KEWX/KEWX20250327_001446_V06', 's3://noaa-nexrad-level2/2025/03/27/KHGX/KHGX20250327_001738_V06', 's3://noaa-nexrad-level2/2025/03/27/KDFX/KDFX20250327_001715_V06']"
107608,F,CRJ2,DBQ UA /OV DBQ345040/TM 0020/FL210/TP CRJ2/TB CONS LGT CHOP/IC NEG,CONS LGT CHOP,202503270000-KMSC-UBUS01-PIREP,21000.0,43.04235271090616,-90.94281382523324,2025-03-27 00:20:00,1.0,M,"('KARX', 'KDVN', 'KMKX', 'KDMX', 'KGRB')","['s3://noaa-nexrad-level2/2025/03/27/KARX/KARX20250327_001515_V06', 's3://noaa-nexrad-level2/2025/03/27/KDVN/KDVN20250327_001843_V06', 's3://noaa-nexrad-level2/2025/03/27/KMKX/KMKX20250327_001344_V06', 's3://noaa-nexrad-level2/2025/03/27/KDMX/KDMX20250327_001747_V06', 's3://noaa-nexrad-level2/2025/03/27/KGRB/KGRB20250327_001644_V06']"
107609,F,A319,DDC UA /OV TBE/TM 0020/FL390/TP A319/TB MOD CHOP/RM MOD MTN WAVE +/- 20 KTS ZKC FDC,MOD CHOP,202503270100-KMSC-UBUS01-PIREP,39000.0,37.27,-103.6,2025-03-27 00:20:00,3.0,M,"('KPUX', 'KFDX', 'KFTG', 'KAMA', 'KGLD')","['s3://noaa-nexrad-level2/2025/03/27/KPUX/KPUX20250327_001939_V06', 's3://noaa-nexrad-level2/2025/03/27/KFDX/KFDX20250327_001422_V06', 's3://noaa-nexrad-level2/2025/03/27/KFTG/KFTG20250327_001948_V06', 's3://noaa-nexrad-level2/2025/03/27/KAMA/KAMA20250327_001824_V06', 's3://noaa-nexrad-level2/2025/03/27/KGLD/KGLD20250327_001627_V06']"
107610,F,CRJ2,MSN UA /OV MSN195010/TM 0021/FL160/TP CRJ2/TB CONS LGT CHOP/IC NEG,CONS LGT CHOP,202503270000-KMSC-UBUS01-PIREP,16000.0,42.97955932227346,-89.40440193858713,2025-03-27 00:21:00,1.0,M,"('KMKX', 'KDVN', 'KLOT', 'KARX', 'KGRB')","['s3://noaa-nexrad-level2/2025/03/27/KMKX/KMKX20250327_002034_V06', 's3://noaa-nexrad-level2/2025/03/27/KDVN/KDVN20250327_001843_V06', 's3://noaa-nexrad-level2/2025/03/27/KLOT/KLOT20250327_001654_V06', 's3://noaa-nexrad-level2/2025/03/27/KARX/KARX20250327_001515_V06', 's3://noaa-nexrad-level2/2025/03/27/KGRB/KGRB20250327_001644_V06']"
107611,F,B739,AMA UA /OV DHT270025/TM 0022/FL370/TP B739/TB LGT CONS CHOP/RM ZAB/FDCS,LGT CONS CHOP,202503270000-KMSC-UBUS01-PIREP,37000.0,36.02259,-103.06249766741146,2025-03-27 00:22:00,1.0,M,"('KFDX', 'KAMA', 'KLBB', 'KPUX', 'KDDC')","['s3://noaa-nexrad-level2/2025/03/27/KFDX/KFDX20250327_002009_V06', 's3://noaa-nexrad-level2/2025/03/27/KAMA/KAMA20250327_001824_V06', 's3://noaa-nexrad-level2/2025/03/27/KLBB/KLBB20250327_002102_V06', 's3://noaa-nexrad-level2/2025/03/27/KPUX/KPUX20250327_001939_V06', 's3://noaa-nexrad-level2/2025/03/27/KDDC/KDDC20250327_002155_V06']"
107612,F,SF50,DAY UA /OV RID/TM 0022/FL200/TP SF50/TB LGT-MOD CHOP,LGT-MOD CHOP,202503270000-KMSC-UBUS01-PIREP,20000.0,39.7572,-84.8428,2025-03-27 00:22:00,2.0,U,"('KILN', 'KIND', 'KIWX', 'KLVX', 'KJKL')","['s3://noaa-nexrad-level2/2025/03/27/KILN/KILN20250327_001958_V06', 's3://noaa-nexrad-level2/2025/03/27/KIND/KIND20250327_001919_V06', 's3://noaa-nexrad-level2/2025/03/27/KIWX/KIWX20250327_002124_V06', 's3://noaa-nexrad-level2/2025/03/27/KLVX/KLVX20250327_001520_V06', 's3://noaa-nexrad-level2/2025/03/27/KJKL/KJKL20250327_001819_V06']"
107613,F,B712,MSL UA /OV MSL090010/TM 0022/FL310/TP B712/TB MOD CHOP/RM ZME,MOD CHOP,202503270000-KMSC-UBUS01-PIREP,31000.0,34.74385,-87.39677404587012,2025-03-27 00:22:00,3.0,M,"('KGWX', 'KHTX', 'KBMX', 'KOHX', 'KHPX')","['s3://noaa-nexrad-level2/2025/03/27/KGWX/KGWX20250327_001806_V06', 's3://noaa-nexrad-level2/2025/03/27/KHTX/KHTX20250327_002132_V06', 's3://noaa-nexrad-level2/2025/03/27/KBMX/KBMX20250327_001402_V06', 's3://noaa-nexrad-level2/2025/03/27/KOHX/KOHX20250327_001509_V06', 's3://noaa-nexrad-level2/2025/03/27/KHPX/KHPX20250327_001736_V06']"
107614,F,B38M,MBPV UA /OV PVN036095/TM 0022/FL360/TP B38M/TB MOD CHOP,MOD CHOP,202503270000-KMSC-UBUS01-PIREP,36000.0,23.051047330960284,-71.25778694635059,2025-03-27 00:22:00,3.0,U,"('KAMX', 'KAMX', 'KBYX', 'KMLB', 'KTBW')","['s3://noaa-nexrad-level2/2025/03/27/KAMX/KAMX20250327_001936_V06', 's3://noaa-nexrad-level2/2025/03/27/KAMX/KAMX20250327_001936_V06', 's3://noaa-nexrad-level2/2025/03/27/KBYX/KBYX20250327_001955_V06', 's3://noaa-nexrad-level2/2025/03/27/KMLB/KMLB20250327_002146_V06', 's3://noaa-nexrad-level2/2025/03/27/KTBW/KTBW20250327_001934_V06']"
107615,F,B737,CTY UA /OV CTY270025/TM 0022/FL340/TP B737/TB MOD,MOD,202503270000-KMSC-UBUS01-PIREP,34000.0,29.63553,-83.58416319429729,2025-03-27 00:22:00,3.0,M,"('KTLH', 'KVAX', 'KJAX', 'KTBW', 'KEVX')","['s3://noaa-nexrad-level2/2025/03/27/KTLH/KTLH20250327_001525_V06', 's3://noaa-nexrad-level2/2025/03/27/KVAX/KVAX20250327_002023_V06', 's3://noaa-nexrad-level2/2025/03/27/KJAX/KJAX20250327_001947_V06', 's3://noaa-nexrad-level2/2025/03/27/KTBW/KTBW20250327_001934_V06', 's3://noaa-nexrad-level2/2025/03/27/KEVX/KEVX20250327_002015_V06']"
107616,F,BE9L,AXA UA /OV AXA/TM 0023/FL050/TP BE9L/SK BASE050/TB LGT/IC NEG,LGT,202503270000-KMSC-UBUS01-PIREP,5000.0,43.0796472222,-94.2723694444,2025-03-27 00:23:00,1.0,L,"('KDMX', 'KMPX', 'KFSD', 'KOAX', 'KARX')","['s3://noaa-nexrad-level2/2025/03/27/KDMX/KDMX20250327_001747_V06', 's3://noaa-nexrad-level2/2025/03/27/KMPX/KMPX20250327_001830_V06', 's3://noaa-nexrad-level2/2025/03/27/KFSD/KFSD20250327_002158_V06', 's3://noaa-nexrad-level2/2025/03/27/KOAX/KOAX20250327_002001_V06', 's3://noaa-nexrad-level2/2025/03/27/KARX/KARX20250327_002223_V06']"
107617,F,CRJ2,DBQ UA /OV DBQ360030/TM 0024/FL210/TP CRJ2/TA M28/TB CONS LGT CHOP/IC LGT RIME,CONS LGT CHOP,202503270000-KMSC-UBUS01-PIREP,21000.0,42.8983905000405,-90.709143,2025-03-27 00:24:00,1.0,M,"('KARX', 'KDVN', 'KMKX', 'KLOT', 'KGRB')","['s3://noaa-nexrad-level2/2025/03/27/KARX/KARX20250327_002223_V06', 's3://noaa-nexrad-level2/2025/03/27/KDVN/KDVN20250327_002208_V06', 's3://noaa-nexrad-level2/2025/03/27/KMKX/KMKX20250327_002034_V06', 's3://noaa-nexrad-level2/2025/03/27/KLOT/KLOT20250327_002340_V06', 's3://noaa-nexrad-level2/2025/03/27/KGRB/KGRB20250327_002348_V06']"
107618,F,BE58,HTS UA /OV HNN066015/TM 0027/FL070/TP BE58/TB OCNL LGT CHOP,OCNL LGT CHOP,202503270000-KMSC-UBUS01-PIREP,7000.0,38.851692397194206,-81.73712987798032,2025-03-27 00:27:00,1.0,L,"('KRLX', 'KJKL', 'KILN', 'KPBZ', 'KFCX')","['s3://noaa-nexrad-level2/2025/03/27/KRLX/KRLX20250327_002320_V06', 's3://noaa-nexrad-level2/2025/03/27/KJKL/KJKL20250327_002525_V06', 's3://noaa-nexrad-level2/2025/03/27/KILN/KILN20250327_002435_V06', 's3://noaa-nexrad-level2/2025/03/27/KPBZ/KPBZ20250327_002339_V06', 's3://noaa-nexrad-level2/2025/03/27/KFCX/KFCX20250327_002621_V06']"
107619,F,CRJ9,MEM UA /OV MEM090050/TM 0029/FL350/TP CRJ9/TB MOD CHOP/RM ZME,MOD CHOP,202503270000-KMSC-UBUS01-PIREP,35000.0,35.06111,-88.96684448159475,2025-03-27 00:29:00,3.0,U,"('KNQA', 'KGWX', 'KPAH', 'KHPX', 'KOHX')","['s3://noaa-nexrad-level2/2025/03/27/KNQA/KNQA20250327_002549_V06', 's3://noaa-nexrad-level2/2025/03/27/KGWX/KGWX20250327_002453_V06', 's3://noaa-nexrad-level2/2025/03/27/KPAH/KPAH20250327_002714_V06', 's3://noaa-nexrad-level2/2025/03/27/KHPX/KHPX20250327_002437_V06', 's3://noaa-nexrad-level2/2025/03/27/KOHX/KOHX20250327_002330_V06']"
107620,F,B738,CMH UA /OV JRO/TM 0031/FL380/TP B738/TB LGT CHOP,LGT CHOP,202503270000-KMSC-UBUS01-PIREP,38000.0,38.9813603,-82.5778497,2025-03-27 00:31:00,1.0,M,"('KRLX', 'KILN', 'KJKL', 'KCLE', 'KPBZ')","['s3://noaa-nexrad-level2/2025/03/27/KRLX/KRLX20250327_003004_V06', 's3://noaa-nexrad-level2/2025/03/27/KILN/KILN20250327_002911_V06', 's3://noaa-nexrad-level2/2025/03/27/KJKL/KJKL20250327_002525_V06', 's3://noaa-nexrad-level2/2025/03/27/KCLE/KCLE20250327_002503_V06', 's3://noaa-nexrad-level2/2025/03/27/KPBZ/KPBZ20250327_003042_V06']"
107621,F,SW4,ATL UA /OV VXV200020/TM 0032/FL160/TP SW4/TB LGT CHOP/RM ZTLFD-41,LGT CHOP,202503270000-KMSC-UBUS01-PIREP,16000.0,35.586743754678565,-84.0307531950237,2025-03-27 00:32:00,1.0,M,"('KMRX', 'KGSP', 'KJKL', 'KHTX', 'KFFC')","['s3://noaa-nexrad-level2/2025/03/27/KMRX/KMRX20250327_003145_V06', 's3://noaa-nexrad-level2/2025/03/27/KGSP/KGSP20250327_003052_V06', 's3://noaa-nexrad-level2/2025/03/27/KJKL/KJKL20250327_002525_V06', 's3://noaa-nexrad-level2/2025/03/27/KHTX/KHTX20250327_002827_V06', 's3://noaa-nexrad-level2/2025/03/27/KFFC/KFFC20250327_003022_V06']"
107622,F,B712,ATL UA /OV RQZ250030/TM 0032/FL310/TP B712/TB MOD/RM ZTLFD-06,MOD,202503270000-KMSC-UBUS01-PIREP,31000.0,34.628976076507506,-87.2022277544149,2025-03-27 00:32:00,3.0,M,"('KHTX', 'KGWX', 'KBMX', 'KOHX', 'KHPX')","['s3://noaa-nexrad-level2/2025/03/27/KHTX/KHTX20250327_002827_V06', 's3://noaa-nexrad-level2/2025/03/27/KGWX/KGWX20250327_003140_V06', 's3://noaa-nexrad-level2/2025/03/27/KBMX/KBMX20250327_003029_V06', 's3://noaa-nexrad-level2/2025/03/27/KOHX/KOHX20250327_003155_V06', 's3://noaa-nexrad-level2/2025/03/27/KHPX/KHPX20250327_003134_V06']"
107623,F,MD11,PDX UA /OV PDX/TM 0033/FL000/TP MD11/WV 23019KTG31/TB MOD DURD 28L,MOD DURD 28L,202503270000-KMSC-UBUS01-PIREP,0.0,45.59083,-122.60028,2025-03-27 00:33:00,3.0,H,"('KRTX', 'KLGX', 'KATX', 'KMAX', 'KPDT')","['s3://noaa-nexrad-level2/2025/03/27/KRTX/KRTX20250327_003123_V06', 's3://noaa-nexrad-level2/2025/03/27/KLGX/KLGX20250327_002805_V06', 's3://noaa-nexrad-level2/2025/03/27/KATX/KATX20250327_003102_V06', 's3://noaa-nexrad-level2/2025/03/27/KMAX/KMAX20250327_002912_V06', 's3://noaa-nexrad-level2/2025/03/27/KPDT/KPDT20250327_002650_V06']"
107624,F,E75L,GEG UA /OV GEG160020/TM 0033/FL100/TP E75L/TB CONS LGT OCNL MOD BLO 100/RM ZSE,CONS LGT OCNL MOD BLO 100,202503270000-KMSC-UBUS01-PIREP,10000.0,47.30834375467857,-117.35884288141828,2025-03-27 00:33:00,2.0,U,"('KOTX', 'KPDT', 'KMSX', 'KCBX', 'KATX')","['s3://noaa-nexrad-level2/2025/03/27/KOTX/KOTX20250327_002914_V06', 's3://noaa-nexrad-level2/2025/03/27/KPDT/KPDT20250327_002650_V06', 's3://noaa-nexrad-level2/2025/03/27/KMSX/KMSX20250327_003037_V06', 's3://noaa-nexrad-level2/2025/03/27/KCBX/KCBX20250327_003227_V06', 's3://noaa-nexrad-level2/2025/03/27/KATX/KATX20250327_003102_V06']"
107625,F,C172,STJ UA /OV STJ360035/TM 0034/FL065/TP C172/TB NEG,NEG,202503270000-KMSC-UBUS01-PIREP,6500.0,40.35532058338058,-94.90971,2025-03-27 00:34:00,0.0,L,"('KEAX', 'KOAX', 'KDMX', 'KTWX', 'KSGF')","['s3://noaa-nexrad-level2/2025/03/27/KEAX/KEAX20250327_003223_V06', 's3://noaa-nexrad-level2/2025/03/27/KOAX/KOAX20250327_003107_V06', 's3://noaa-nexrad-level2/2025/03/27/KDMX/KDMX20250327_003156_V06', 's3://noaa-nexrad-level2/2025/03/27/KTWX/KTWX20250327_003137_V06', 's3://noaa-nexrad-level2/2025/03/27/KSGF/KSGF20250327_002845_V06']"
107626,F,E75S,AUW UA /OV AUW/TM 0036/FL360/TP E75S/TB CONS LGT CHOP,CONS LGT CHOP,202503270000-KMSC-UBUS01-PIREP,36000.0,44.92616,-89.62664,2025-03-27 00:36:00,1.0,U,"('KGRB', 'KARX', 'KMKX', 'KMQT', 'KDLH')","['s3://noaa-nexrad-level2/2025/03/27/KGRB/KGRB20250327_003052_V06', 's3://noaa-nexrad-level2/2025/03/27/KARX/KARX20250327_002930_V06', 's3://noaa-nexrad-level2/2025/03/27/KMKX/KMKX20250327_003411_V06', 's3://noaa-nexrad-level2/2025/03/27/KMQT/KMQT20250327_002944_V06', 's3://noaa-nexrad-level2/2025/03/27/KDLH/KDLH20250327_002836_V06']"
107627,F,A21N,AUW UA /OV AUW/TM 0036/FL340/TP A21N/TB CONS LGT CHOP,CONS LGT CHOP,202503270000-KMSC-UBUS01-PIREP,34000.0,44.92616,-89.62664,2025-03-27 00:36:00,1.0,U,"('KGRB', 'KARX', 'KMKX', 'KMQT', 'KDLH')","['s3://noaa-nexrad-level2/2025/03/27/KGRB/KGRB20250327_003052_V06', 's3://noaa-nexrad-level2/2025/03/27/KARX/KARX20250327_002930_V06', 's3://noaa-nexrad-level2/2025/03/27/KMKX/KMKX20250327_003411_V06', 's3://noaa-nexrad-level2/2025/03/27/KMQT/KMQT20250327_002944_V06', 's3://noaa-nexrad-level2/2025/03/27/KDLH/KDLH20250327_002836_V06']"
107628,F,B737,SDF UA /OV IIU355040/TM 0038/FL310/TP B737/TB MOD,MOD,202503270000-KMSC-UBUS01-PIREP,31000.0,38.76418359329532,-85.65384159211573,2025-03-27 00:38:00,3.0,M,"('KLVX', 'KIND', 'KILN', 'KVWX', 'KIWX')","['s3://noaa-nexrad-level2/2025/03/27/KLVX/KLVX20250327_003619_V06', 's3://noaa-nexrad-level2/2025/03/27/KIND/KIND20250327_003346_V06', 's3://noaa-nexrad-level2/2025/03/27/KILN/KILN20250327_003348_V06', 's3://noaa-nexrad-level2/2025/03/27/KVWX/KVWX20250327_003230_V06', 's3://noaa-nexrad-level2/2025/03/27/KIWX/KIWX20250327_003437_V06']"
107629,F,B38M,LAF UA /OV BVT/TM 0040/FL230/TP B38M/TB LGT CHOP,LGT CHOP,202503270000-KMSC-UBUS01-PIREP,23000.0,40.56,-87.07,2025-03-27 00:40:00,1.0,U,"('KIND', 'KLOT', 'KIWX', 'KILX', 'KVWX')","['s3://noaa-nexrad-level2/2025/03/27/KIND/KIND20250327_003346_V06', 's3://noaa-nexrad-level2/2025/03/27/KLOT/KLOT20250327_003713_V06', 's3://noaa-nexrad-level2/2025/03/27/KIWX/KIWX20250327_003901_V06', 's3://noaa-nexrad-level2/2025/03/27/KILX/KILX20250327_003538_V06', 's3://noaa-nexrad-level2/2025/03/27/KVWX/KVWX20250327_003923_V06']"
107630,F,LJ45,SIT UA /OV BKA267026/TM 0040/FL380/TP LJ45/TB NEG/RM /ZAN/,NEG,202503270100-KMSC-UBUS01-PIREP,38000.0,56.83731924863415,-136.34163174082047,2025-03-27 00:40:00,0.0,M,"('PACG', 'PAIH', 'PAIH', 'PAPD', 'PAHG')","['s3://noaa-nexrad-level2/2025/03/27/PACG/PACG20250327_003904_V06', 's3://noaa-nexrad-level2/2025/03/27/PAIH/PAIH20250327_003621_V06', 's3://noaa-nexrad-level2/2025/03/27/PAIH/PAIH20250327_003621_V06', 's3://noaa-nexrad-level2/2025/03/27/PAPD/PAPD20250327_003814_V06', 's3://noaa-nexrad-level2/2025/03/27/PAHG/PAHG20250327_003326_V06']"
107631,F,B737,SIT UA /OV BKA126063/TM 0040/FL380/TP B737/TB LGT/RM /ZAN/,LGT,202503270100-KMSC-UBUS01-PIREP,38000.0,56.2427754939072,-133.99602639119783,2025-03-27 00:40:00,1.0,M,"('PACG', 'PAIH', 'PAIH', 'KLGX', 'KATX')","['s3://noaa-nexrad-level2/2025/03/27/PACG/PACG20250327_003904_V06', 's3://noaa-nexrad-level2/2025/03/27/PAIH/PAIH20250327_003621_V06', 's3://noaa-nexrad-level2/2025/03/27/PAIH/PAIH20250327_003621_V06', 's3://noaa-nexrad-level2/2025/03/27/KLGX/KLGX20250327_003443_V06', 's3://noaa-nexrad-level2/2025/03/27/KATX/KATX20250327_003607_V06']"
107632,F,CRJ7,ATL UA /OV HMV040010/TM 0043/FL320/TP CRJ7/TB LGT/RM ZTLFD-42,LGT,202503270000-KMSC-UBUS01-PIREP,32000.0,36.56768441546348,-81.99682075760344,2025-03-27 00:43:00,1.0,M,"('KMRX', 'KJKL', 'KGSP', 'KRLX', 'KFCX')","['s3://noaa-nexrad-level2/2025/03/27/KMRX/KMRX20250327_003833_V06', 's3://noaa-nexrad-level2/2025/03/27/KJKL/KJKL20250327_003936_V06', 's3://noaa-nexrad-level2/2025/03/27/KGSP/KGSP20250327_003926_V06', 's3://noaa-nexrad-level2/2025/03/27/KRLX/KRLX20250327_003648_V06', 's3://noaa-nexrad-level2/2025/03/27/KFCX/KFCX20250327_003459_V06']"
107633,F,E75L,ATL UA /OV SOT200020/TM 0043/FL150/TP E75L/TB NEG/RM ZTLFD-45,NEG,202503270000-KMSC-UBUS01-PIREP,15000.0,35.476743754678566,-83.19055811376325,2025-03-27 00:43:00,0.0,U,"('KMRX', 'KGSP', 'KJKL', 'KFFC', 'KCAE')","['s3://noaa-nexrad-level2/2025/03/27/KMRX/KMRX20250327_003833_V06', 's3://noaa-nexrad-level2/2025/03/27/KGSP/KGSP20250327_003926_V06', 's3://noaa-nexrad-level2/2025/03/27/KJKL/KJKL20250327_003936_V06', 's3://noaa-nexrad-level2/2025/03/27/KFFC/KFFC20250327_003712_V06', 's3://noaa-nexrad-level2/2025/03/27/KCAE/KCAE20250327_003849_V06']"
107634,F,E755,CRW UA /OV HVQ270015/TM 0043/FL300/TP E755/TB CONS LGT CHOP,CONS LGT CHOP,202503270100-KMSC-UBUS01-PIREP,30000.0,38.35,-82.0888077327071,2025-03-27 00:43:00,1.0,U,"('KRLX', 'KJKL', 'KILN', 'KFCX', 'KMRX')","['s3://noaa-nexrad-level2/2025/03/27/KRLX/KRLX20250327_003648_V06', 's3://noaa-nexrad-level2/2025/03/27/KJKL/KJKL20250327_003936_V06', 's3://noaa-nexrad-level2/2025/03/27/KILN/KILN20250327_003839_V06', 's3://noaa-nexrad-level2/2025/03/27/KFCX/KFCX20250327_003459_V06', 's3://noaa-nexrad-level2/2025/03/27/KMRX/KMRX20250327_003833_V06']"
107635,F,E75L,CVG UA /OV CVG360030/TM 0044/FL350/TP E75L/TB LGT CHOP,LGT CHOP,202503270100-KMSC-UBUS01-PIREP,35000.0,39.543100500040495,-84.67167,2025-03-27 00:44:00,1.0,U,"('KILN', 'KIND', 'KLVX', 'KIWX', 'KJKL')","['s3://noaa-nexrad-level2/2025/03/27/KILN/KILN20250327_004317_V06', 's3://noaa-nexrad-level2/2025/03/27/KIND/KIND20250327_004058_V06', 's3://noaa-nexrad-level2/2025/03/27/KLVX/KLVX20250327_004324_V06', 's3://noaa-nexrad-level2/2025/03/27/KIWX/KIWX20250327_004325_V06', 's3://noaa-nexrad-level2/2025/03/27/KJKL/KJKL20250327_003936_V06']"
107636,F,B738,MOB UA /OV SJI045030/TM 0045/FL300/TP B738/TB MOD CHOP/RM ZHU,MOD CHOP,202503270000-KMSC-UBUS01-PIREP,30000.0,31.08358202844655,-87.94865953141375,2025-03-27 00:45:00,3.0,M,"('KMOB', 'KLIX', 'KEVX', 'KDGX', 'KBMX')","['s3://noaa-nexrad-level2/2025/03/27/KMOB/KMOB20250327_003634_V06', 's3://noaa-nexrad-level2/2025/03/27/KEVX/KEVX20250327_004245_V06', 's3://noaa-nexrad-level2/2025/03/27/KDGX/KDGX20250327_004148_V06', 's3://noaa-nexrad-level2/2025/03/27/KBMX/KBMX20250327_003844_V06']"
107637,F,E75L,DEN UA /OV DEN309069/TM 0047/FL230/TP E75L/TB INTMT LGT/IC NEG/RM DURD FLATI4 STAR. ZDVWC-13,INTMT LGT,202503270000-KMSC-UBUS01-PIREP,23000.0,40.55657707096036,-105.82141523927324,2025-03-27 00:47:00,1.0,U,"('KCYS', 'KFTG', 'KPUX', 'KGJX', 'KRIW')","['s3://noaa-nexrad-level2/2025/03/27/KCYS/KCYS20250327_004450_V06', 's3://noaa-nexrad-level2/2025/03/27/KFTG/KFTG20250327_004434_V06', 's3://noaa-nexrad-level2/2025/03/27/KPUX/KPUX20250327_004416_V06', 's3://noaa-nexrad-level2/2025/03/27/KGJX/KGJX20250327_004436_V06', 's3://noaa-nexrad-level2/2025/03/27/KRIW/KRIW20250327_003820_V06']"
107638,F,A319,ATL UA /OV CLT/TM 0048/FL300/TP A319/TB LGT CHOP/RM ZTLFD-33,LGT CHOP,202503270000-KMSC-UBUS01-PIREP,30000.0,35.22255,-80.95431,2025-03-27 00:48:00,1.0,M,"('KCAE', 'KGSP', 'KFCX', 'KRAX', 'KCLX')","['s3://noaa-nexrad-level2/2025/03/27/KCAE/KCAE20250327_004530_V06', 's3://noaa-nexrad-level2/2025/03/27/KGSP/KGSP20250327_003926_V06', 's3://noaa-nexrad-level2/2025/03/27/KFCX/KFCX20250327_004338_V06', 's3://noaa-nexrad-level2/2025/03/27/KRAX/KRAX20250327_004152_V06']"
107639,F,B763,ATL UA /OV GZG/TM 0048/FL360/TP B763/TB NEG/RM ZTLFD-15,NEG,202503270000-KMSC-UBUS01-PIREP,36000.0,36.83,-82.08,2025-03-27 00:48:00,0.0,H,"('KJKL', 'KMRX', 'KRLX', 'KFCX', 'KGSP')","['s3://noaa-nexrad-level2/2025/03/27/KJKL/KJKL20250327_004636_V06', 's3://noaa-nexrad-level2/2025/03/27/KMRX/KMRX20250327_004530_V06', 's3://noaa-nexrad-level2/2025/03/27/KRLX/KRLX20250327_004328_V06', 's3://noaa-nexrad-level2/2025/03/27/KFCX/KFCX20250327_004338_V06', 's3://noaa-nexrad-level2/2025/03/27/KGSP/KGSP20250327_003926_V06']"
107640,F,C208,CMH UA /OV APE050030/TM 0049/FL070/TP C208/SK SKC/TB NEG/IC NEG,NEG,202503270100-KMSC-UBUS01-PIREP,7000.0,40.47141983776749,-82.08885689385174,2025-03-27 00:49:00,0.0,L,"('KCLE', 'KPBZ', 'KILN', 'KRLX', 'KDTX')","['s3://noaa-nexrad-level2/2025/03/27/KCLE/KCLE20250327_004532_V06', 's3://noaa-nexrad-level2/2025/03/27/KPBZ/KPBZ20250327_004447_V06', 's3://noaa-nexrad-level2/2025/03/27/KILN/KILN20250327_004754_V06', 's3://noaa-nexrad-level2/2025/03/27/KRLX/KRLX20250327_004328_V06', 's3://noaa-nexrad-level2/2025/03/27/KDTX/KDTX20250327_004722_V06']"
107641,F,BE58,AVL UA /OV AVL030020/TM 0052/FL085/TP BE58/TB MOD,MOD,202503270000-KMSC-UBUS01-PIREP,8500.0,35.720638517304096,-82.33293544893093,2025-03-27 00:52:00,3.0,L,"('KGSP', 'KMRX', 'KJKL', 'KCAE', 'KFCX')","['s3://noaa-nexrad-level2/2025/03/27/KGSP/KGSP20250327_004809_V06', 's3://noaa-nexrad-level2/2025/03/27/KMRX/KMRX20250327_004530_V06', 's3://noaa-nexrad-level2/2025/03/27/KJKL/KJKL20250327_004636_V06', 's3://noaa-nexrad-level2/2025/03/27/KCAE/KCAE20250327_004530_V06', 's3://noaa-nexrad-level2/2025/03/27/KFCX/KFCX20250327_004338_V06']"
107642,F,B190,DUT UA /OV DUT/TM 0052/FL030/TP B190/SK SCT030/TB NEG/IC NEG/RM DURC /ZAN/,NEG,202503270000-KMSC-UBUS01-PIREP,3000.0,53.89,-166.54,2025-03-27 00:52:00,0.0,M,"('PABC', 'PAEC', 'PAKC', 'PAHG', 'PAIH')","['s3://noaa-nexrad-level2/2025/03/27/PAEC/PAEC20250327_004745_V06', 's3://noaa-nexrad-level2/2025/03/27/PAKC/PAKC20250327_004849_V06', 's3://noaa-nexrad-level2/2025/03/27/PAHG/PAHG20250327_004719_V06', 's3://noaa-nexrad-level2/2025/03/27/PAIH/PAIH20250327_005008_V06']"
107643,F,A21N,IND UA /OV VHP045015/TM 0053/FL320/TP A21N/TB OCNL LGT OCNL MOD CHO P,OCNL LGT OCNL MOD CHO P,202503270100-KMSC-UBUS01-PIREP,32000.0,39.98679101422328,-86.13985484739297,2025-03-27 00:53:00,2.0,U,"('KIND', 'KIWX', 'KLVX', 'KVWX', 'KILN')","['s3://noaa-nexrad-level2/2025/03/27/KIND/KIND20250327_004810_V06', 's3://noaa-nexrad-level2/2025/03/27/KIWX/KIWX20250327_005212_V06', 's3://noaa-nexrad-level2/2025/03/27/KLVX/KLVX20250327_005029_V06', 's3://noaa-nexrad-level2/2025/03/27/KVWX/KVWX20250327_004621_V06', 's3://noaa-nexrad-level2/2025/03/27/KILN/KILN20250327_004754_V06']"
107644,F,B763,TAD UA /OV TBE120030/TM 0056/FL340/TP B763/TB CONS LGT-MOD/RM ZAB/FDCS,CONS LGT-MOD,202503270000-KMSC-UBUS01-PIREP,34000.0,37.01997974997976,-103.0558270231849,2025-03-27 00:56:00,2.0,H,"('KPUX', 'KAMA', 'KFDX', 'KGLD', 'KFTG')","['s3://noaa-nexrad-level2/2025/03/27/KPUX/KPUX20250327_005346_V06', 's3://noaa-nexrad-level2/2025/03/27/KAMA/KAMA20250327_005507_V06', 's3://noaa-nexrad-level2/2025/03/27/KFDX/KFDX20250327_005456_V06', 's3://noaa-nexrad-level2/2025/03/27/KGLD/KGLD20250327_005041_V06', 's3://noaa-nexrad-level2/2025/03/27/KFTG/KFTG20250327_005434_V06']"
107645,F,C750,GDP UA /OV SFL090045/TM 0059/FL470/TP C750/TB MOD CHOP/RM ZAB/FDCS,MOD CHOP,202503270100-KMSC-UBUS01-PIREP,47000.0,31.75,-104.20794109780256,2025-03-27 00:59:00,3.0,M,"('KMAF', 'KHDX', 'KEPZ', 'KFDX', 'KLBB')","['s3://noaa-nexrad-level2/2025/03/27/KMAF/KMAF20250327_005615_V06', 's3://noaa-nexrad-level2/2025/03/27/KHDX/KHDX20250327_005434_V06', 's3://noaa-nexrad-level2/2025/03/27/KEPZ/KEPZ20250327_005710_V06', 's3://noaa-nexrad-level2/2025/03/27/KFDX/KFDX20250327_005456_V06', 's3://noaa-nexrad-level2/2025/03/27/KLBB/KLBB20250327_005800_V06']"
107646,F,C750,INK UA /OV INK085042/TM 0100/FL450/TP C750/TB CONS LGT CHOP/RM LGT MTN WAVE ZAB/FDCS,CONS LGT CHOP,202503270100-KMSC-UBUS01-PIREP,45000.0,31.84101396165892,-102.37961182966936,2025-03-27 01:00:00,1.0,M,"('KMAF', 'KLBB', 'KSJT', 'KFDX', 'KDYX')","['s3://noaa-nexrad-level2/2025/03/27/KMAF/KMAF20250327_005615_V06', 's3://noaa-nexrad-level2/2025/03/27/KLBB/KLBB20250327_005800_V06', 's3://noaa-nexrad-level2/2025/03/27/KSJT/KSJT20250327_005737_V06', 's3://noaa-nexrad-level2/2025/03/27/KFDX/KFDX20250327_005456_V06', 's3://noaa-nexrad-level2/2025/03/27/KDYX/KDYX20250327_005936_V06']"
107647,F,A320,AUS UA /OV KCWK090020/TM 0100/FL100/TP A320/TB MOD 100-220/RM ZHU,MOD 100-220,202503270100-KMSC-UBUS01-PIREP,10000.0,30.38,-97.14358050455122,2025-03-27 01:00:00,3.0,M,"('KGRK', 'KEWX', 'KFWS', 'KHGX', 'KCRP')","['s3://noaa-nexrad-level2/2025/03/27/KGRK/KGRK20250327_005554_V06', 's3://noaa-nexrad-level2/2025/03/27/KEWX/KEWX20250327_005511_V06', 's3://noaa-nexrad-level2/2025/03/27/KFWS/KFWS20250327_005512_V06', 's3://noaa-nexrad-level2/2025/03/27/KHGX/KHGX20250327_005859_V06', 's3://noaa-nexrad-level2/2025/03/27/KCRP/KCRP20250327_005540_V06']"
107648,F,B737,AUS UA /OV KCWK180010/TM 0100/FL120/TP B737/TB MOD/RM ZHU,MOD,202503270100-KMSC-UBUS01-PIREP,12000.0,30.21331983331984,-97.53,2025-03-27 01:00:00,3.0,M,"('KGRK', 'KEWX', 'KFWS', 'KCRP', 'KHGX')","['s3://noaa-nexrad-level2/2025/03/27/KGRK/KGRK20250327_005554_V06', 's3://noaa-nexrad-level2/2025/03/27/KEWX/KEWX20250327_005511_V06', 's3://noaa-nexrad-level2/2025/03/27/KFWS/KFWS20250327_005512_V06', 's3://noaa-nexrad-level2/2025/03/27/KCRP/KCRP20250327_005540_V06', 's3://noaa-nexrad-level2/2025/03/27/KHGX/KHGX20250327_005859_V06']"
107649,F,B737,JCT UA /OV KRSG225008/TM 0100/FL380/TP B737/TB MOD CHOP/RM ZHU,MOD CHOP,202503270100-KMSC-UBUS01-PIREP,38000.0,29.91571145908092,-100.40888600269632,2025-03-27 01:00:00,3.0,M,"('KDFX', 'KSJT', 'KEWX', 'KMAF', 'KDYX')","['s3://noaa-nexrad-level2/2025/03/27/KDFX/KDFX20250327_005841_V06', 's3://noaa-nexrad-level2/2025/03/27/KSJT/KSJT20250327_005737_V06', 's3://noaa-nexrad-level2/2025/03/27/KEWX/KEWX20250327_005511_V06', 's3://noaa-nexrad-level2/2025/03/27/KMAF/KMAF20250327_005615_V06', 's3://noaa-nexrad-level2/2025/03/27/KDYX/KDYX20250327_005936_V06']"
107650,F,B737,ATL UA /OV VXV180015/TM 0103/FL330/TP B737/TB NEG/RM ZTLFD-39,NEG,202503270100-KMSC-UBUS01-PIREP,33000.0,35.64997974997975,-83.89,2025-03-27 01:03:00,0.0,M,"('KMRX', 'KGSP', 'KJKL', 'KHTX', 'KFFC')","['s3://noaa-nexrad-level2/2025/03/27/KMRX/KMRX20250327_005930_V06', 's3://noaa-nexrad-level2/2025/03/27/KGSP/KGSP20250327_005652_V06', 's3://noaa-nexrad-level2/2025/03/27/KJKL/KJKL20250327_010029_V06', 's3://noaa-nexrad-level2/2025/03/27/KHTX/KHTX20250327_005608_V06', 's3://noaa-nexrad-level2/2025/03/27/KFFC/KFFC20250327_005857_V06']"
107651,F,B737,ATL UA /OV HCH180020/TM 0103/FL340/TP B737/TB LGT CHOP/RM ZTLFD-37,LGT CHOP,202503270100-KMSC-UBUS01-PIREP,34000.0,35.44663966663967,-84.98,2025-03-27 01:03:00,1.0,M,"('KHTX', 'KMRX', 'KOHX', 'KFFC', 'KHPX')","['s3://noaa-nexrad-level2/2025/03/27/KHTX/KHTX20250327_005608_V06', 's3://noaa-nexrad-level2/2025/03/27/KMRX/KMRX20250327_005930_V06', 's3://noaa-nexrad-level2/2025/03/27/KOHX/KOHX20250327_005721_V06', 's3://noaa-nexrad-level2/2025/03/27/KFFC/KFFC20250327_005857_V06', 's3://noaa-nexrad-level2/2025/03/27/KHPX/KHPX20250327_005943_V06']"
107652,F,C172,DEH UA /OV DEH/TM 0104/FL040/TP C172/SK BASE080/TB NEG/IC NEG,NEG,202503270100-KMSC-UBUS01-PIREP,4000.0,43.2755194444,-91.7433138889,2025-03-27 01:04:00,0.0,L,"('KARX', 'KDVN', 'KMPX', 'KDMX', 'KMKX')","['s3://noaa-nexrad-level2/2025/03/27/KARX/KARX20250327_005741_V06', 's3://noaa-nexrad-level2/2025/03/27/KDVN/KDVN20250327_010239_V06', 's3://noaa-nexrad-level2/2025/03/27/KMPX/KMPX20250327_005857_V06', 's3://noaa-nexrad-level2/2025/03/27/KDMX/KDMX20250327_010015_V06', 's3://noaa-nexrad-level2/2025/03/27/KMKX/KMKX20250327_010120_V06']"
107653,F,CL30,HCD UA /OV HCD/TM 0104/FL100/TP CL30/TB OCNL LGT-MOD/IC LGT RIME,OCNL LGT-MOD,202503270100-KMSC-UBUS01-PIREP,10000.0,44.85989,-94.3825,2025-03-27 01:04:00,2.0,U,"('KMPX', 'KFSD', 'KDLH', 'KDMX', 'KARX')","['s3://noaa-nexrad-level2/2025/03/27/KMPX/KMPX20250327_005857_V06', 's3://noaa-nexrad-level2/2025/03/27/KFSD/KFSD20250327_010027_V06', 's3://noaa-nexrad-level2/2025/03/27/KDLH/KDLH20250327_010147_V06', 's3://noaa-nexrad-level2/2025/03/27/KDMX/KDMX20250327_010015_V06', 's3://noaa-nexrad-level2/2025/03/27/KARX/KARX20250327_005741_V06']"
107654,F,E75L,OLM UA /OV OLM142020/TM 0104/FL190/TP E75L/SK TOP160/TB LGT OCNL MOD CHOP 200-100/RM DURD N HAWKZ...ZSE,LGT OCNL MOD CHOP 200-100,202503270100-KMSC-UBUS01-PIREP,19000.0,46.710608472486136,-122.60251536818464,2025-03-27 01:04:00,2.0,U,"('KRTX', 'KATX', 'KLGX', 'KPDT', 'KMAX')","['s3://noaa-nexrad-level2/2025/03/27/KRTX/KRTX20250327_010321_V06', 's3://noaa-nexrad-level2/2025/03/27/KATX/KATX20250327_010141_V06', 's3://noaa-nexrad-level2/2025/03/27/KLGX/KLGX20250327_010100_V06', 's3://noaa-nexrad-level2/2025/03/27/KPDT/KPDT20250327_005900_V06', 's3://noaa-nexrad-level2/2025/03/27/KMAX/KMAX20250327_010134_V06']"
107655,F,F900,MYNN UA /OV ZQA160180/TM 0104/FL430/TP F900/TB MOD,MOD,202503270100-KMSC-UBUS01-PIREP,43000.0,22.18069379210708,-76.31777587522433,2025-03-27 01:04:00,3.0,M,"('KAMX', 'KAMX', 'KBYX', 'KMLB', 'KTBW')","['s3://noaa-nexrad-level2/2025/03/27/KAMX/KAMX20250327_010329_V06', 's3://noaa-nexrad-level2/2025/03/27/KAMX/KAMX20250327_010329_V06', 's3://noaa-nexrad-level2/2025/03/27/KBYX/KBYX20250327_010105_V06', 's3://noaa-nexrad-level2/2025/03/27/KMLB/KMLB20250327_010304_V06', 's3://noaa-nexrad-level2/2025/03/27/KTBW/KTBW20250327_010116_V06']"
107656,F,P28A,CBG UA /OV CBG/TM 0105/FL040/TP P28A/TB NEG/IC NEG,NEG,202503270100-KMSC-UBUS01-PIREP,4000.0,45.55749,-93.26418,2025-03-27 01:05:00,0.0,L,"('KMPX', 'KDLH', 'KARX', 'KDMX', 'KFSD')","['s3://noaa-nexrad-level2/2025/03/27/KMPX/KMPX20250327_005857_V06', 's3://noaa-nexrad-level2/2025/03/27/KDLH/KDLH20250327_010147_V06', 's3://noaa-nexrad-level2/2025/03/27/KARX/KARX20250327_010447_V06', 's3://noaa-nexrad-level2/2025/03/27/KDMX/KDMX20250327_010015_V06', 's3://noaa-nexrad-level2/2025/03/27/KFSD/KFSD20250327_010027_V06']"
107657,F,C525,DEN UA /OV 40 SW DEN/TM 0106/FL180/TP C525/TB OCCL LGT CHOP 180-150/RM ON ZOMBZ,OCCL LGT CHOP 180-150,202503270100-KMSC-UBUS01-PIREP,18000.0,39.3613572954046,-105.27142407248736,2025-03-27 01:06:00,1.0,L,"('KFTG', 'KPUX', 'KCYS', 'KGJX', 'KGLD')","['s3://noaa-nexrad-level2/2025/03/27/KFTG/KFTG20250327_005933_V06', 's3://noaa-nexrad-level2/2025/03/27/KPUX/KPUX20250327_010256_V06', 's3://noaa-nexrad-level2/2025/03/27/KCYS/KCYS20250327_010414_V06', 's3://noaa-nexrad-level2/2025/03/27/KGJX/KGJX20250327_010556_V06', 's3://noaa-nexrad-level2/2025/03/27/KGLD/KGLD20250327_010420_V06']"
107658,F,BE65,PUB UA /OV PUB150015/TM 0107/FL110/TP BE65/TB LGT CHOP,LGT CHOP,202503270100-KMSC-UBUS01-PIREP,11000.0,38.07347611202193,-104.33905800499444,2025-03-27 01:07:00,1.0,L,"('KPUX', 'KFTG', 'KGLD', 'KCYS', 'KFDX')","['s3://noaa-nexrad-level2/2025/03/27/KPUX/KPUX20250327_010256_V06', 's3://noaa-nexrad-level2/2025/03/27/KFTG/KFTG20250327_010628_V06', 's3://noaa-nexrad-level2/2025/03/27/KGLD/KGLD20250327_010420_V06', 's3://noaa-nexrad-level2/2025/03/27/KCYS/KCYS20250327_010414_V06', 's3://noaa-nexrad-level2/2025/03/27/KFDX/KFDX20250327_010644_V06']"
107659,F,B737,LOZ UA /OV AZQ/TM 0110/FL350/TP B737/TB MOD CONS CHOP,MOD CONS CHOP,202503270100-KMSC-UBUS01-PIREP,35000.0,37.39,-83.26,2025-03-27 01:10:00,3.0,M,"('KJKL', 'KMRX', 'KRLX', 'KILN', 'KGSP')","['s3://noaa-nexrad-level2/2025/03/27/KJKL/KJKL20250327_010735_V06', 's3://noaa-nexrad-level2/2025/03/27/KMRX/KMRX20250327_010633_V06', 's3://noaa-nexrad-level2/2025/03/27/KRLX/KRLX20250327_010405_V06', 's3://noaa-nexrad-level2/2025/03/27/KILN/KILN20250327_010802_V06', 's3://noaa-nexrad-level2/2025/03/27/KGSP/KGSP20250327_010534_V06']"
107660,F,PC12,OFK UA /OV OFK/TM 0110/FL175/TP PC12/TB NEG 000-170,NEG 000-170,202503270100-KMSC-UBUS01-PIREP,17500.0,41.98546,-97.43511,2025-03-27 01:10:00,0.0,L,"('KOAX', 'KFSD', 'KUEX', 'KLNX', 'KTWX')","['s3://noaa-nexrad-level2/2025/03/27/KOAX/KOAX20250327_010723_V06', 's3://noaa-nexrad-level2/2025/03/27/KFSD/KFSD20250327_010725_V06', 's3://noaa-nexrad-level2/2025/03/27/KUEX/KUEX20250327_010431_V06', 's3://noaa-nexrad-level2/2025/03/27/KLNX/KLNX20250327_010644_V06', 's3://noaa-nexrad-level2/2025/03/27/KTWX/KTWX20250327_010559_V06']"
107661,F,M20T,AVL UA /OV RESTS330010/TM 0113/FL080/TP M20T/TB MOD,MOD,202503270100-KMSC-UBUS01-PIREP,8000.0,35.43194,-82.5375,2025-03-27 01:13:00,3.0,L,"('KGSP', 'KMRX', 'KCAE', 'KJKL', 'KFCX')","['s3://noaa-nexrad-level2/2025/03/27/KGSP/KGSP20250327_010534_V06', 's3://noaa-nexrad-level2/2025/03/27/KMRX/KMRX20250327_010633_V06', 's3://noaa-nexrad-level2/2025/03/27/KCAE/KCAE20250327_011256_V06', 's3://noaa-nexrad-level2/2025/03/27/KJKL/KJKL20250327_010735_V06', 's3://noaa-nexrad-level2/2025/03/27/KFCX/KFCX20250327_010856_V06']"
107662,F,A320,SSI UA /OV SSI070060/TM 0114/FL340/TP A320/TB LGT OCNL MOD,LGT OCNL MOD,202503270100-KMSC-UBUS01-PIREP,34000.0,31.494267846984982,-80.29270756721715,2025-03-27 01:14:00,2.0,M,"('KCLX', 'KJAX', 'KCAE', 'KVAX', 'KLTX')","['s3://noaa-nexrad-level2/2025/03/27/KJAX/KJAX20250327_010831_V06', 's3://noaa-nexrad-level2/2025/03/27/KCAE/KCAE20250327_011256_V06', 's3://noaa-nexrad-level2/2025/03/27/KVAX/KVAX20250327_011119_V06', 's3://noaa-nexrad-level2/2025/03/27/KLTX/KLTX20250327_011035_V06']"
107663,F,A20N,TLH UA /OV TLH010050/TM 0116/FL330/TP A20N/TB MOD,MOD,202503270100-KMSC-UBUS01-PIREP,33000.0,31.21427960209997,-84.183574149348,2025-03-27 01:16:00,3.0,U,"('KTLH', 'KVAX', 'KEOX', 'KJGX', 'KEVX')","['s3://noaa-nexrad-level2/2025/03/27/KTLH/KTLH20250327_011104_V06', 's3://noaa-nexrad-level2/2025/03/27/KVAX/KVAX20250327_011557_V06', 's3://noaa-nexrad-level2/2025/03/27/KEOX/KEOX20250327_011442_V06', 's3://noaa-nexrad-level2/2025/03/27/KJGX/KJGX20250327_011412_V06', 's3://noaa-nexrad-level2/2025/03/27/KEVX/KEVX20250327_011424_V06']"
107664,F,B738,LCQ UA /OV LCQ045020/TM 0119/FL380/TP B738/TB NEG,NEG,202503270100-KMSC-UBUS01-PIREP,38000.0,30.417821352297697,-82.3042106770907,2025-03-27 01:19:00,0.0,M,"('KJAX', 'KVAX', 'KTLH', 'KJGX', 'KCLX')","['s3://noaa-nexrad-level2/2025/03/27/KJAX/KJAX20250327_011530_V06', 's3://noaa-nexrad-level2/2025/03/27/KVAX/KVAX20250327_011557_V06', 's3://noaa-nexrad-level2/2025/03/27/KTLH/KTLH20250327_011802_V06', 's3://noaa-nexrad-level2/2025/03/27/KJGX/KJGX20250327_011412_V06']"
107665,F,A321,TPA UA /OV TPA270120/TM 0119/FL370/TP A321/TB MOD CHOP,MOD CHOP,202503270100-KMSC-UBUS01-PIREP,37000.0,27.9619,-84.80482340870259,2025-03-27 01:19:00,3.0,M,"('KTBW', 'KTLH', 'KEVX', 'KVAX', 'KEOX')","['s3://noaa-nexrad-level2/2025/03/27/KTBW/KTBW20250327_011516_V06', 's3://noaa-nexrad-level2/2025/03/27/KTLH/KTLH20250327_011802_V06', 's3://noaa-nexrad-level2/2025/03/27/KEVX/KEVX20250327_011424_V06', 's3://noaa-nexrad-level2/2025/03/27/KVAX/KVAX20250327_011557_V06', 's3://noaa-nexrad-level2/2025/03/27/KEOX/KEOX20250327_011442_V06']"
107666,F,B739,CLL UA /OV KCLL045050/TM 0122/FL240/TP B739/TB MOD CHOP/RM ZHU,MOD CHOP,202503270100-KMSC-UBUS01-PIREP,24000.0,31.177363380744247,-95.6793285907027,2025-03-27 01:22:00,3.0,M,"('KGRK', 'KHGX', 'KFWS', 'KSHV', 'KLCH')","['s3://noaa-nexrad-level2/2025/03/27/KGRK/KGRK20250327_012146_V06', 's3://noaa-nexrad-level2/2025/03/27/KHGX/KHGX20250327_011849_V06', 's3://noaa-nexrad-level2/2025/03/27/KFWS/KFWS20250327_011545_V06', 's3://noaa-nexrad-level2/2025/03/27/KSHV/KSHV20250327_012006_V06', 's3://noaa-nexrad-level2/2025/03/27/KLCH/KLCH20250327_011942_V06']"
107667,F,E545,LOZ UA /OV AZQ/TM 0123/FL340/TP E545/TB MOD CONS CHOP,MOD CONS CHOP,202503270100-KMSC-UBUS01-PIREP,34000.0,37.39,-83.26,2025-03-27 01:23:00,3.0,U,"('KJKL', 'KMRX', 'KRLX', 'KILN', 'KGSP')","['s3://noaa-nexrad-level2/2025/03/27/KJKL/KJKL20250327_012124_V06', 's3://noaa-nexrad-level2/2025/03/27/KMRX/KMRX20250327_012014_V06', 's3://noaa-nexrad-level2/2025/03/27/KRLX/KRLX20250327_011802_V06', 's3://noaa-nexrad-level2/2025/03/27/KILN/KILN20250327_012249_V06', 's3://noaa-nexrad-level2/2025/03/27/KGSP/KGSP20250327_011417_V06']"
107668,F,B737,YAK UA /OV YAK269030 /TM 0124 /FL160 /TP B737 /TB NEG /IC NEG /RM(AKFSS),NEG,202503270100-KMSC-UBUS01-PIREP,16000.0,59.49127308995819,-140.64507694774798,2025-03-27 01:24:00,0.0,M,"('PAIH', 'PAIH', 'PACG', 'PAPD', 'PAHG')","['s3://noaa-nexrad-level2/2025/03/27/PAIH/PAIH20250327_012222_V06', 's3://noaa-nexrad-level2/2025/03/27/PAIH/PAIH20250327_012222_V06', 's3://noaa-nexrad-level2/2025/03/27/PACG/PACG20250327_012015_V06', 's3://noaa-nexrad-level2/2025/03/27/PAPD/PAPD20250327_012035_V06', 's3://noaa-nexrad-level2/2025/03/27/PAHG/PAHG20250327_012201_V06']"
107669,F,B737,YAK UA /OV YAK269030 /TM 0124 /FL160 /TP B737 /TB NEG /IC NEG /RM (AKFSS,NEG,202503270135-KWBC-UBAK90-PIREP,16000.0,59.49127308995819,-140.64507694774798,2025-03-27 01:24:00,0.0,M,"('PAIH', 'PAIH', 'PACG', 'PAPD', 'PAHG')","['s3://noaa-nexrad-level2/2025/03/27/PAIH/PAIH20250327_012222_V06', 's3://noaa-nexrad-level2/2025/03/27/PAIH/PAIH20250327_012222_V06', 's3://noaa-nexrad-level2/2025/03/27/PACG/PACG20250327_012015_V06', 's3://noaa-nexrad-level2/2025/03/27/PAPD/PAPD20250327_012035_V06', 's3://noaa-nexrad-level2/2025/03/27/PAHG/PAHG20250327_012201_V06']"
107670,F,E75L,DLL UA /OV DLL/TM 0124/FL330/TP E75L/TB NEG,NEG,202503270100-KMSC-UBUS01-PIREP,33000.0,43.522,-89.771,2025-03-27 01:24:00,0.0,U,"('KMKX', 'KARX', 'KGRB', 'KDVN', 'KLOT')","['s3://noaa-nexrad-level2/2025/03/27/KMKX/KMKX20250327_012138_V06', 's3://noaa-nexrad-level2/2025/03/27/KARX/KARX20250327_011901_V06', 's3://noaa-nexrad-level2/2025/03/27/KGRB/KGRB20250327_012023_V06', 's3://noaa-nexrad-level2/2025/03/27/KDVN/KDVN20250327_012204_V06', 's3://noaa-nexrad-level2/2025/03/27/KLOT/KLOT20250327_011752_V06']"
107671,F,E170,ATL UA /OV ATL/TM 0125/FL310/TP E170/TB LGT-MOD CHOP/IC ZTLFD-22,LGT-MOD CHOP,202503270100-KMSC-UBUS01-PIREP,31000.0,33.6301,-84.4418,2025-03-27 01:25:00,2.0,U,"('KFFC', 'KJGX', 'KMXX', 'KHTX', 'KBMX')","['s3://noaa-nexrad-level2/2025/03/27/KFFC/KFFC20250327_012003_V06', 's3://noaa-nexrad-level2/2025/03/27/KJGX/KJGX20250327_012114_V06', 's3://noaa-nexrad-level2/2025/03/27/KMXX/KMXX20250327_012347_V06', 's3://noaa-nexrad-level2/2025/03/27/KHTX/KHTX20250327_012403_V06', 's3://noaa-nexrad-level2/2025/03/27/KBMX/KBMX20250327_012128_V06']"
107672,F,B737,AUS UA /OV KCWK180020/TM 0125/FL120/TP B737/TB MOD/RM ZHU,MOD,202503270100-KMSC-UBUS01-PIREP,12000.0,30.046639666639667,-97.53,2025-03-27 01:25:00,3.0,M,"('KEWX', 'KGRK', 'KCRP', 'KHGX', 'KFWS')","['s3://noaa-nexrad-level2/2025/03/27/KEWX/KEWX20250327_012215_V06', 's3://noaa-nexrad-level2/2025/03/27/KGRK/KGRK20250327_012146_V06', 's3://noaa-nexrad-level2/2025/03/27/KCRP/KCRP20250327_012209_V06', 's3://noaa-nexrad-level2/2025/03/27/KHGX/KHGX20250327_012335_V06', 's3://noaa-nexrad-level2/2025/03/27/KFWS/KFWS20250327_012237_V06']"
107673,F,A321,ILM UA /OV ILM195080/TM 0127/FL350/TP A321/TB LGT,LGT,202503270100-KMSC-UBUS01-PIREP,35000.0,32.98199457818769,-78.31762201667529,2025-03-27 01:27:00,1.0,M,"('KLTX', 'KMHX', 'KRAX', 'KCLX', 'KCAE')","['s3://noaa-nexrad-level2/2025/03/27/KLTX/KLTX20250327_012430_V06', 's3://noaa-nexrad-level2/2025/03/27/KMHX/KMHX20250327_012052_V06', 's3://noaa-nexrad-level2/2025/03/27/KRAX/KRAX20250327_012511_V06', 's3://noaa-nexrad-level2/2025/03/27/KCAE/KCAE20250327_012652_V06']"
107674,F,A319,CAE UA /OV CAE270020/TM 0128/FL380/TP A319/TB NEG,NEG,202503270100-KMSC-UBUS01-PIREP,38000.0,33.9419,-81.51993058153954,2025-03-27 01:28:00,0.0,M,"('KCAE', 'KGSP', 'KCLX', 'KJGX', 'KMRX')","['s3://noaa-nexrad-level2/2025/03/27/KCAE/KCAE20250327_012652_V06', 's3://noaa-nexrad-level2/2025/03/27/KGSP/KGSP20250327_012300_V06', 's3://noaa-nexrad-level2/2025/03/27/KJGX/KJGX20250327_012114_V06', 's3://noaa-nexrad-level2/2025/03/27/KMRX/KMRX20250327_012716_V06']"
107675,F,B738,CEW UA /OV CEW/TM 0128/FL370/TP B738/TB LGT,LGT,202503270100-KMSC-UBUS01-PIREP,37000.0,30.78,-86.52,2025-03-27 01:28:00,1.0,M,"('KEVX', 'KEOX', 'KMOB', 'KMXX', 'KTLH')","['s3://noaa-nexrad-level2/2025/03/27/KEVX/KEVX20250327_012308_V06', 's3://noaa-nexrad-level2/2025/03/27/KEOX/KEOX20250327_012137_V06', 's3://noaa-nexrad-level2/2025/03/27/KMOB/KMOB20250327_012123_V06', 's3://noaa-nexrad-level2/2025/03/27/KMXX/KMXX20250327_012347_V06', 's3://noaa-nexrad-level2/2025/03/27/KTLH/KTLH20250327_012458_V06']"
107676,F,AS50,CDV UA /OV CDV-JOH /TM 0133 /FL055 /TP AS50 /SK OVC060 /TB NEG /RMSMOOTH LIGHT WIND FROM NE NICE DAY OCNL BUMPS (AKFSS),NEG,202503270100-KMSC-UBUS01-PIREP,5500.0,60.485,-146.035,2025-03-27 01:33:00,0.0,L,"('PAIH', 'PAIH', 'PAPD', 'PAHG', 'PAKC')","['s3://noaa-nexrad-level2/2025/03/27/PAIH/PAIH20250327_013136_V06', 's3://noaa-nexrad-level2/2025/03/27/PAIH/PAIH20250327_013136_V06', 's3://noaa-nexrad-level2/2025/03/27/PAPD/PAPD20250327_012739_V06', 's3://noaa-nexrad-level2/2025/03/27/PAHG/PAHG20250327_012900_V06', 's3://noaa-nexrad-level2/2025/03/27/PAKC/PAKC20250327_013008_V06']"
107677,F,AS50,CDV UA /OV CDV-JOH /TM 0133 /FL055 /TP AS50 /SK OVC060 /TB NEG /RM SMOOTH LIGHT WIND FROM NE NICE DAY OCNL BUMPS (AKFSS,NEG,202503270140-KWBC-UBAK90-PIREP,5500.0,60.485,-146.035,2025-03-27 01:33:00,0.0,L,"('PAIH', 'PAIH', 'PAPD', 'PAHG', 'PAKC')","['s3://noaa-nexrad-level2/2025/03/27/PAIH/PAIH20250327_013136_V06', 's3://noaa-nexrad-level2/2025/03/27/PAIH/PAIH20250327_013136_V06', 's3://noaa-nexrad-level2/2025/03/27/PAPD/PAPD20250327_012739_V06', 's3://noaa-nexrad-level2/2025/03/27/PAHG/PAHG20250327_012900_V06', 's3://noaa-nexrad-level2/2025/03/27/PAKC/PAKC20250327_013008_V06']"
107678,F,B739,ILM UA /OV ILM200165/TM 0141/FL340/TP B739/TB MOD,MOD,202503270100-KMSC-UBUS01-PIREP,34000.0,31.68563597609816,-79.0382372586095,2025-03-27 01:41:00,3.0,M,"('KCLX', 'KLTX', 'KJAX', 'KCAE', 'KMHX')","['s3://noaa-nexrad-level2/2025/03/27/KLTX/KLTX20250327_013824_V06', 's3://noaa-nexrad-level2/2025/03/27/KJAX/KJAX20250327_013628_V06', 's3://noaa-nexrad-level2/2025/03/27/KCAE/KCAE20250327_014054_V06', 's3://noaa-nexrad-level2/2025/03/27/KMHX/KMHX20250327_013440_V06']"
107679,F,B737,INW UA /OV INW048028/TM 0141/FL370/TP B737/TB CONS LGT OCNL MOD/RM ZAB/FDCS,CONS LGT OCNL MOD,202503270100-KMSC-UBUS01-PIREP,37000.0,35.33420624279635,-110.29901647566204,2025-03-27 01:41:00,2.0,M,"('KFSX', 'KFSX', 'KIWA', 'KICX', 'KEMX')","['s3://noaa-nexrad-level2/2025/03/27/KFSX/KFSX20250327_013958_V06', 's3://noaa-nexrad-level2/2025/03/27/KFSX/KFSX20250327_013958_V06', 's3://noaa-nexrad-level2/2025/03/27/KIWA/KIWA20250327_013854_V06', 's3://noaa-nexrad-level2/2025/03/27/KICX/KICX20250327_013901_V06', 's3://noaa-nexrad-level2/2025/03/27/KEMX/KEMX20250327_013401_V06']"
107680,F,CRJ9,IAD UA /OV AML020015/TM 0142/FL280/TP CRJ9/TB CONS LGT OCNL MOD CHOP,CONS LGT OCNL MOD CHOP,202503270200-KMSC-UBUS01-PIREP,28000.0,39.16494218399107,-77.36007533578857,2025-03-27 01:42:00,2.0,U,"('KLWX', 'KCCX', 'KDOX', 'KAKQ', 'KDIX')","['s3://noaa-nexrad-level2/2025/03/27/KLWX/KLWX20250327_014156_V06', 's3://noaa-nexrad-level2/2025/03/27/KCCX/KCCX20250327_013729_V06', 's3://noaa-nexrad-level2/2025/03/27/KDOX/KDOX20250327_013728_V06', 's3://noaa-nexrad-level2/2025/03/27/KAKQ/KAKQ20250327_013608_V06', 's3://noaa-nexrad-level2/2025/03/27/KDIX/KDIX20250327_014124_V06']"
107681,F,BL17,LOZ UA /OV LOZ225025/TM 0144/FL070/TP BL17/TA 2/TB NEG/IC NEG,NEG,202503270100-KMSC-UBUS01-PIREP,7000.0,36.79234830962788,-84.44636695241194,2025-03-27 01:44:00,0.0,L,"('KMRX', 'KJKL', 'KLVX', 'KOHX', 'KHTX')","['s3://noaa-nexrad-level2/2025/03/27/KMRX/KMRX20250327_014057_V06', 's3://noaa-nexrad-level2/2025/03/27/KJKL/KJKL20250327_014223_V06', 's3://noaa-nexrad-level2/2025/03/27/KLVX/KLVX20250327_013958_V06', 's3://noaa-nexrad-level2/2025/03/27/KOHX/KOHX20250327_014031_V06', 's3://noaa-nexrad-level2/2025/03/27/KHTX/KHTX20250327_013806_V06']"
107682,F,B737,HTS UA /OV ECB155015/TM 0144/FL360/TP B737/TB CONS LGT 360,CONS LGT 360,202503270100-KMSC-UBUS01-PIREP,36000.0,37.9334047004898,-82.77561785835204,2025-03-27 01:44:00,1.0,M,"('KJKL', 'KRLX', 'KILN', 'KMRX', 'KFCX')","['s3://noaa-nexrad-level2/2025/03/27/KJKL/KJKL20250327_014223_V06', 's3://noaa-nexrad-level2/2025/03/27/KRLX/KRLX20250327_013858_V06', 's3://noaa-nexrad-level2/2025/03/27/KILN/KILN20250327_014241_V06', 's3://noaa-nexrad-level2/2025/03/27/KMRX/KMRX20250327_014057_V06', 's3://noaa-nexrad-level2/2025/03/27/KFCX/KFCX20250327_014233_V06']"
107683,F,B39M,SEA UA /OV SEA190008/TM 0145/FL080/TP B39M/WX +RA /TB MOD/RM DURC HAROB DEPT,MOD,202503270100-KMSC-UBUS01-PIREP,8000.0,47.31337166366401,-122.34860763180296,2025-03-27 01:45:00,3.0,U,"('KATX', 'KRTX', 'KLGX', 'KPDT', 'KOTX')","['s3://noaa-nexrad-level2/2025/03/27/KATX/KATX20250327_014353_V06', 's3://noaa-nexrad-level2/2025/03/27/KRTX/KRTX20250327_014426_V06', 's3://noaa-nexrad-level2/2025/03/27/KLGX/KLGX20250327_014456_V06', 's3://noaa-nexrad-level2/2025/03/27/KPDT/KPDT20250327_014346_V06', 's3://noaa-nexrad-level2/2025/03/27/KOTX/KOTX20250327_014009_V06']"
107684,F,B38M,HTS UA /OV YRK360025/TM 0145/FL360/TP B38M/TB LGT CHOP,LGT CHOP,202503270100-KMSC-UBUS01-PIREP,36000.0,39.056700416700416,-82.98,2025-03-27 01:45:00,1.0,U,"('KILN', 'KRLX', 'KJKL', 'KCLE', 'KMRX')","['s3://noaa-nexrad-level2/2025/03/27/KILN/KILN20250327_014241_V06', 's3://noaa-nexrad-level2/2025/03/27/KRLX/KRLX20250327_013858_V06', 's3://noaa-nexrad-level2/2025/03/27/KJKL/KJKL20250327_014223_V06', 's3://noaa-nexrad-level2/2025/03/27/KCLE/KCLE20250327_014021_V06', 's3://noaa-nexrad-level2/2025/03/27/KMRX/KMRX20250327_014057_V06']"
107685,F,B763,LKV UA /OV LKV/TM 0145/FL390/TP B763/TB MOD/RM ZSE,MOD,202503270100-KMSC-UBUS01-PIREP,39000.0,42.16111,-120.39908,2025-03-27 01:45:00,3.0,H,"('KMAX', 'KRGX', 'KBBX', 'KPDT', 'KLRX')","['s3://noaa-nexrad-level2/2025/03/27/KMAX/KMAX20250327_014028_V06', 's3://noaa-nexrad-level2/2025/03/27/KRGX/KRGX20250327_013926_V06', 's3://noaa-nexrad-level2/2025/03/27/KBBX/KBBX20250327_014457_V06', 's3://noaa-nexrad-level2/2025/03/27/KPDT/KPDT20250327_014346_V06', 's3://noaa-nexrad-level2/2025/03/27/KLRX/KLRX20250327_014009_V06']"
107686,F,B739,LSE UA /OV ODI300050/TM 0146/FL280/TP B739/TB LGT INTMT MOD CHOP 230-260 NEG ABV,LGT INTMT MOD CHOP 230-260 NEG ABV,202503270100-KMSC-UBUS01-PIREP,28000.0,44.32670041670041,-92.47182698368827,2025-03-27 01:46:00,2.0,M,"('KMPX', 'KARX', 'KDLH', 'KDMX', 'KDVN')","['s3://noaa-nexrad-level2/2025/03/27/KMPX/KMPX20250327_014022_V06', 's3://noaa-nexrad-level2/2025/03/27/KARX/KARX20250327_014024_V06', 's3://noaa-nexrad-level2/2025/03/27/KDLH/KDLH20250327_014326_V06', 's3://noaa-nexrad-level2/2025/03/27/KDMX/KDMX20250327_014243_V06', 's3://noaa-nexrad-level2/2025/03/27/KDVN/KDVN20250327_014559_V06']"
107687,F,A319,HTS UA /OV ECB155020/TM 0147/FL360/TP A319/TB CONS LGT CHOP OCNL MOD CHOP 360,CONS LGT CHOP OCNL MOD CHOP 360,202503270100-KMSC-UBUS01-PIREP,36000.0,37.85787293398639,-82.73082381113605,2025-03-27 01:47:00,2.0,M,"('KJKL', 'KRLX', 'KMRX', 'KILN', 'KFCX')","['s3://noaa-nexrad-level2/2025/03/27/KJKL/KJKL20250327_014223_V06', 's3://noaa-nexrad-level2/2025/03/27/KRLX/KRLX20250327_014557_V06', 's3://noaa-nexrad-level2/2025/03/27/KMRX/KMRX20250327_014057_V06', 's3://noaa-nexrad-level2/2025/03/27/KILN/KILN20250327_014241_V06', 's3://noaa-nexrad-level2/2025/03/27/KFCX/KFCX20250327_014233_V06']"
107688,F,E145,DBQ UA /OV DBQ/TM 0149/FL230/TP E145/SK TOP200/TB NEG,NEG,202503270200-KMSC-UBUS01-PIREP,23000.0,42.39835,-90.709143,2025-03-27 01:49:00,0.0,M,"('KDVN', 'KARX', 'KMKX', 'KILX', 'KLOT')","['s3://noaa-nexrad-level2/2025/03/27/KDVN/KDVN20250327_014559_V06', 's3://noaa-nexrad-level2/2025/03/27/KARX/KARX20250327_014731_V06', 's3://noaa-nexrad-level2/2025/03/27/KMKX/KMKX20250327_014825_V06', 's3://noaa-nexrad-level2/2025/03/27/KILX/KILX20250327_014513_V06', 's3://noaa-nexrad-level2/2025/03/27/KLOT/KLOT20250327_014459_V06']"
107689,F,A320,LFT UA /OV KLFT270015/TM 0150/FL290/TP A320/TB MOD/RM ZHU,MOD,202503270200-KMSC-UBUS01-PIREP,29000.0,30.19859659,-92.27884210671252,2025-03-27 01:50:00,3.0,M,"('KLCH', 'KPOE', 'KHDC', 'KLIX', 'KSHV')","['s3://noaa-nexrad-level2/2025/03/27/KLCH/KLCH20250327_014708_V06', 's3://noaa-nexrad-level2/2025/03/27/KPOE/KPOE20250327_014658_V06', 's3://noaa-nexrad-level2/2025/03/27/KHDC/KHDC20250327_014802_V06', 's3://noaa-nexrad-level2/2025/03/27/KSHV/KSHV20250327_014545_V06']"
107690,F,CRJ9,HTS UA /OV YRK285025/TM 0155/FL300/TP CRJ9/TB OCNL MOD CHOP,OCNL MOD CHOP,202503270100-KMSC-UBUS01-PIREP,30000.0,38.74785000394422,-83.49531117929851,2025-03-27 01:55:00,3.0,U,"('KILN', 'KJKL', 'KRLX', 'KLVX', 'KMRX')","['s3://noaa-nexrad-level2/2025/03/27/KILN/KILN20250327_015224_V06', 's3://noaa-nexrad-level2/2025/03/27/KJKL/KJKL20250327_014928_V06', 's3://noaa-nexrad-level2/2025/03/27/KRLX/KRLX20250327_015256_V06', 's3://noaa-nexrad-level2/2025/03/27/KLVX/KLVX20250327_015405_V06', 's3://noaa-nexrad-level2/2025/03/27/KMRX/KMRX20250327_015446_V06']"
107691,F,PC12,CRW UA /OV CRW/TM 0158/FL095/TP PC12/TB ONCL LGT CHOP,ONCL LGT CHOP,202503270200-KMSC-UBUS01-PIREP,9500.0,38.3794,-81.59,2025-03-27 01:58:00,1.0,L,"('KRLX', 'KFCX', 'KJKL', 'KILN', 'KPBZ')","['s3://noaa-nexrad-level2/2025/03/27/KRLX/KRLX20250327_015256_V06', 's3://noaa-nexrad-level2/2025/03/27/KFCX/KFCX20250327_015057_V06', 's3://noaa-nexrad-level2/2025/03/27/KJKL/KJKL20250327_015632_V06', 's3://noaa-nexrad-level2/2025/03/27/KILN/KILN20250327_015715_V06', 's3://noaa-nexrad-level2/2025/03/27/KPBZ/KPBZ20250327_015332_V06']"
107692,F,E75L,BOI UA /OV REO360030/TM 0202/FL300/TP E75L/TB LGT-MOD /ZLC,LGT-MOD,202503270200-KMSC-UBUS01-PIREP,30000.0,43.0906005000405,-117.86444,2025-03-27 02:02:00,2.0,U,"('KCBX', 'KLRX', 'KPDT', 'KRGX', 'KOTX')","['s3://noaa-nexrad-level2/2025/03/27/KCBX/KCBX20250327_015808_V06', 's3://noaa-nexrad-level2/2025/03/27/KLRX/KLRX20250327_020017_V06', 's3://noaa-nexrad-level2/2025/03/27/KPDT/KPDT20250327_015634_V06', 's3://noaa-nexrad-level2/2025/03/27/KRGX/KRGX20250327_015652_V06', 's3://noaa-nexrad-level2/2025/03/27/KOTX/KOTX20250327_020124_V06']"
107693,F,E75L,GXY UA /OV GLL/TM 0203/FL200/TP E75L/TB NEG/RM DURC. ZDVWC-21,NEG,202503270200-KMSC-UBUS01-PIREP,20000.0,40.5,-104.55,2025-03-27 02:03:00,0.0,U,"('KCYS', 'KFTG', 'KPUX', 'KGLD', 'KGJX')","['s3://noaa-nexrad-level2/2025/03/27/KCYS/KCYS20250327_020225_V06', 's3://noaa-nexrad-level2/2025/03/27/KFTG/KFTG20250327_020201_V06', 's3://noaa-nexrad-level2/2025/03/27/KPUX/KPUX20250327_020209_V06', 's3://noaa-nexrad-level2/2025/03/27/KGLD/KGLD20250327_015838_V06', 's3://noaa-nexrad-level2/2025/03/27/KGJX/KGJX20250327_020027_V06']"
107694,F,B763,MFE UA /OV KMFE000015/TM 0203/FL200/TP B763/TB MOD 200-240 DURC/RM ZHU,MOD 200-240 DURC,202503270200-KMSC-UBUS01-PIREP,20000.0,26.42585025002025,-98.23861,2025-03-27 02:03:00,3.0,H,"('KBRO', 'KCRP', 'KEWX', 'KDFX', 'KGRK')","['s3://noaa-nexrad-level2/2025/03/27/KBRO/KBRO20250327_020025_V06', 's3://noaa-nexrad-level2/2025/03/27/KCRP/KCRP20250327_015911_V06', 's3://noaa-nexrad-level2/2025/03/27/KEWX/KEWX20250327_020009_V06', 's3://noaa-nexrad-level2/2025/03/27/KDFX/KDFX20250327_020108_V06', 's3://noaa-nexrad-level2/2025/03/27/KGRK/KGRK20250327_020005_V06']"
107695,F,A21N,SEA UA /OV SEA180005/TM 0204/FL040/TP A21N/WX RA/TB CONT LGT TURB /RM DURC HAROB DEPT,CONT LGT TURB,202503270200-KMSC-UBUS01-PIREP,4000.0,47.36134991665992,-122.31437,2025-03-27 02:04:00,1.0,U,"('KATX', 'KRTX', 'KLGX', 'KPDT', 'KOTX')","['s3://noaa-nexrad-level2/2025/03/27/KATX/KATX20250327_015921_V06', 's3://noaa-nexrad-level2/2025/03/27/KRTX/KRTX20250327_020224_V06', 's3://noaa-nexrad-level2/2025/03/27/KLGX/KLGX20250327_015824_V06', 's3://noaa-nexrad-level2/2025/03/27/KPDT/KPDT20250327_020258_V06', 's3://noaa-nexrad-level2/2025/03/27/KOTX/KOTX20250327_020124_V06']"
107696,F,C510,AUS UA /OV KCWK090010/TM 0205/FL120/TP C510/TB OCNL MOD CHOP/RM ZHU,OCNL MOD CHOP,202503270200-KMSC-UBUS01-PIREP,12000.0,30.38,-97.33679025227562,2025-03-27 02:05:00,3.0,U,"('KGRK', 'KEWX', 'KFWS', 'KHGX', 'KCRP')","['s3://noaa-nexrad-level2/2025/03/27/KGRK/KGRK20250327_020332_V06', 's3://noaa-nexrad-level2/2025/03/27/KEWX/KEWX20250327_020009_V06', 's3://noaa-nexrad-level2/2025/03/27/KFWS/KFWS20250327_020334_V06', 's3://noaa-nexrad-level2/2025/03/27/KHGX/KHGX20250327_020305_V06', 's3://noaa-nexrad-level2/2025/03/27/KCRP/KCRP20250327_020429_V06']"
107697,F,B767,MFE UA /OV KMFE315040/TM 0207/FL200/TP B767/TB MOD CHOP 200-300/RM ZHU,MOD CHOP 200-300,202503270200-KMSC-UBUS01-PIREP,20000.0,26.6472727045954,-98.76392681343694,2025-03-27 02:07:00,3.0,H,"('KBRO', 'KCRP', 'KDFX', 'KEWX', 'KGRK')","['s3://noaa-nexrad-level2/2025/03/27/KBRO/KBRO20250327_020558_V06', 's3://noaa-nexrad-level2/2025/03/27/KCRP/KCRP20250327_020429_V06', 's3://noaa-nexrad-level2/2025/03/27/KDFX/KDFX20250327_020548_V06', 's3://noaa-nexrad-level2/2025/03/27/KEWX/KEWX20250327_020534_V06', 's3://noaa-nexrad-level2/2025/03/27/KGRK/KGRK20250327_020659_V06']"
107698,F,B738,RZL UA /OV RZL/TM 0209/FL230/TP B738/TB CONS LGT CHOP/IC NEG,CONS LGT CHOP,202503270200-KMSC-UBUS01-PIREP,23000.0,40.9478986,-87.1825794,2025-03-27 02:09:00,1.0,M,"('KLOT', 'KIND', 'KIWX', 'KILX', 'KMKX')","['s3://noaa-nexrad-level2/2025/03/27/KLOT/KLOT20250327_020520_V06', 's3://noaa-nexrad-level2/2025/03/27/KIND/KIND20250327_020728_V06', 's3://noaa-nexrad-level2/2025/03/27/KIWX/KIWX20250327_020533_V06', 's3://noaa-nexrad-level2/2025/03/27/KILX/KILX20250327_020622_V06', 's3://noaa-nexrad-level2/2025/03/27/KMKX/KMKX20250327_020830_V06']"
107699,F,B737,AUS UA /OV KCWK180005/TM 0210/FL050/TP B737/TB MOD 050-190/RM ZHU,MOD 050-190,202503270200-KMSC-UBUS01-PIREP,5000.0,30.29665991665992,-97.53,2025-03-27 02:10:00,3.0,M,"('KGRK', 'KEWX', 'KFWS', 'KCRP', 'KHGX')","['s3://noaa-nexrad-level2/2025/03/27/KGRK/KGRK20250327_020659_V06', 's3://noaa-nexrad-level2/2025/03/27/KEWX/KEWX20250327_020534_V06', 's3://noaa-nexrad-level2/2025/03/27/KFWS/KFWS20250327_020334_V06', 's3://noaa-nexrad-level2/2025/03/27/KCRP/KCRP20250327_020946_V06', 's3://noaa-nexrad-level2/2025/03/27/KHGX/KHGX20250327_020841_V06']"
107700,F,E75L,LKV UA /OV LKV270015/TM 0215/FL280/TP E75L/TB CONS LGT OCNL MOD CHOP /RM ZSE,CONS LGT OCNL MOD CHOP,202503270200-KMSC-UBUS01-PIREP,28000.0,42.16111,-120.73637073202994,2025-03-27 02:15:00,2.0,U,"('KMAX', 'KRGX', 'KBBX', 'KDAX', 'KBHX')","['s3://noaa-nexrad-level2/2025/03/27/KMAX/KMAX20250327_021231_V06', 's3://noaa-nexrad-level2/2025/03/27/KRGX/KRGX20250327_021417_V06', 's3://noaa-nexrad-level2/2025/03/27/KBBX/KBBX20250327_021253_V06', 's3://noaa-nexrad-level2/2025/03/27/KDAX/KDAX20250327_020847_V06', 's3://noaa-nexrad-level2/2025/03/27/KBHX/KBHX20250327_021250_V06']"
107701,F,B738,MEM UA /OV MEM090045/TM 0216/FL350/TP B738/TB CONS MOD/RM ZME,CONS MOD,202503270200-KMSC-UBUS01-PIREP,35000.0,35.06111,-89.06866003343528,2025-03-27 02:16:00,3.0,M,"('KNQA', 'KGWX', 'KPAH', 'KHPX', 'KOHX')","['s3://noaa-nexrad-level2/2025/03/27/KNQA/KNQA20250327_020900_V06', 's3://noaa-nexrad-level2/2025/03/27/KGWX/KGWX20250327_020958_V06', 's3://noaa-nexrad-level2/2025/03/27/KPAH/KPAH20250327_021247_V06', 's3://noaa-nexrad-level2/2025/03/27/KHPX/KHPX20250327_021123_V06', 's3://noaa-nexrad-level2/2025/03/27/KOHX/KOHX20250327_021502_V06']"
107702,F,A320,RDM UA /OV DSD304032/TM 0221/FL320/TP A320/TB MOD CHOP/RM DURC ZSE,MOD CHOP,202503270200-KMSC-UBUS01-PIREP,32000.0,44.54826037234199,-121.91732233249876,2025-03-27 02:21:00,3.0,M,"('KRTX', 'KMAX', 'KPDT', 'KLGX', 'KATX')","['s3://noaa-nexrad-level2/2025/03/27/KRTX/KRTX20250327_022041_V06', 's3://noaa-nexrad-level2/2025/03/27/KMAX/KMAX20250327_021858_V06', 's3://noaa-nexrad-level2/2025/03/27/KPDT/KPDT20250327_021555_V06', 's3://noaa-nexrad-level2/2025/03/27/KLGX/KLGX20250327_021815_V06', 's3://noaa-nexrad-level2/2025/03/27/KATX/KATX20250327_021630_V06']"
107703,F,A306,LOZ UA /OV LOZ/TM 0223/FL300/TP A306/TB NEG/IC NEG,NEG,202503270200-KMSC-UBUS01-PIREP,30000.0,37.087,-84.077,2025-03-27 02:23:00,0.0,H,"('KJKL', 'KMRX', 'KLVX', 'KILN', 'KOHX')","['s3://noaa-nexrad-level2/2025/03/27/KJKL/KJKL20250327_021748_V06', 's3://noaa-nexrad-level2/2025/03/27/KMRX/KMRX20250327_022227_V06', 's3://noaa-nexrad-level2/2025/03/27/KLVX/KLVX20250327_022220_V06', 's3://noaa-nexrad-level2/2025/03/27/KILN/KILN20250327_022046_V06', 's3://noaa-nexrad-level2/2025/03/27/KOHX/KOHX20250327_021502_V06']"
107704,F,B737,CTY UA /OV CTY180005/TM 0226/FL340/TP B737/TB OCNL LGT,OCNL LGT,202503270200-KMSC-UBUS01-PIREP,34000.0,29.55218991665992,-83.10475,2025-03-27 02:26:00,1.0,M,"('KVAX', 'KTLH', 'KJAX', 'KTBW', 'KMLB')","['s3://noaa-nexrad-level2/2025/03/27/KVAX/KVAX20250327_022341_V06', 's3://noaa-nexrad-level2/2025/03/27/KTLH/KTLH20250327_022028_V06', 's3://noaa-nexrad-level2/2025/03/27/KJAX/KJAX20250327_022525_V06', 's3://noaa-nexrad-level2/2025/03/27/KTBW/KTBW20250327_021859_V06', 's3://noaa-nexrad-level2/2025/03/27/KMLB/KMLB20250327_022200_V06']"
107705,F,B738,AMA UA /OV DHT040030/TM 0227/FL360/TP B738/TB LGT CONS CHOP/RM ZAB/FDCS,LGT CONS CHOP,202503270200-KMSC-UBUS01-PIREP,36000.0,36.40564324639046,-102.14986936051557,2025-03-27 02:27:00,1.0,M,"('KAMA', 'KFDX', 'KDDC', 'KLBB', 'KPUX')","['s3://noaa-nexrad-level2/2025/03/27/KAMA/KAMA20250327_022633_V06', 's3://noaa-nexrad-level2/2025/03/27/KFDX/KFDX20250327_022229_V06', 's3://noaa-nexrad-level2/2025/03/27/KDDC/KDDC20250327_022157_V06', 's3://noaa-nexrad-level2/2025/03/27/KLBB/KLBB20250327_022555_V06', 's3://noaa-nexrad-level2/2025/03/27/KPUX/KPUX20250327_022312_V06']"
107706,F,E75L,RDM UA /OV DSD115034/TM 0227/FL280/TP E75L/TB CONS MOD/RM ZSE,CONS MOD,202503270200-KMSC-UBUS01-PIREP,28000.0,44.01049692014932,-120.5829615821402,2025-03-27 02:27:00,3.0,U,"('KPDT', 'KMAX', 'KRTX', 'KCBX', 'KRGX')","['s3://noaa-nexrad-level2/2025/03/27/KPDT/KPDT20250327_022244_V06', 's3://noaa-nexrad-level2/2025/03/27/KMAX/KMAX20250327_022527_V06', 's3://noaa-nexrad-level2/2025/03/27/KRTX/KRTX20250327_022515_V06', 's3://noaa-nexrad-level2/2025/03/27/KCBX/KCBX20250327_022601_V06', 's3://noaa-nexrad-level2/2025/03/27/KRGX/KRGX20250327_022300_V06']"
107707,F,A321,TAD UA /OV TBE140035/TM 0227/FL382/TP A321/TB LGT-MOD OCNL CHOP/RM ZAB/FDCS,LGT-MOD OCNL CHOP,202503270200-KMSC-UBUS01-PIREP,38200.0,36.8231045458778,-103.12878335160818,2025-03-27 02:27:00,2.0,M,"('KPUX', 'KAMA', 'KFDX', 'KGLD', 'KFTG')","['s3://noaa-nexrad-level2/2025/03/27/KPUX/KPUX20250327_022312_V06', 's3://noaa-nexrad-level2/2025/03/27/KAMA/KAMA20250327_022633_V06', 's3://noaa-nexrad-level2/2025/03/27/KFDX/KFDX20250327_022229_V06', 's3://noaa-nexrad-level2/2025/03/27/KGLD/KGLD20250327_022524_V06', 's3://noaa-nexrad-level2/2025/03/27/KFTG/KFTG20250327_022307_V06']"
107708,T,ASTR,BPT UUA /OV SBI225020/TM 0228/FL220/TP ASTR/TB SEV/RM ZHU,SEV,202503270200-KMSC-UBUS01-PIREP,22000.0,29.454278647702303,-94.31134393331948,2025-03-27 02:28:00,5.0,M,"('KHGX', 'KLCH', 'KPOE', 'KSHV', 'KGRK')","['s3://noaa-nexrad-level2/2025/03/27/KHGX/KHGX20250327_022447_V06', 's3://noaa-nexrad-level2/2025/03/27/KLCH/KLCH20250327_022535_V06', 's3://noaa-nexrad-level2/2025/03/27/KPOE/KPOE20250327_022248_V06', 's3://noaa-nexrad-level2/2025/03/27/KSHV/KSHV20250327_021957_V06', 's3://noaa-nexrad-level2/2025/03/27/KGRK/KGRK20250327_022506_V06']"
107709,F,PC12,DSM UA /OV DSM070015/TM 0230/FL130/TP PC12/TA M02/TB MOD 000-130/IC LGT RIME 100-130,MOD 000-130,202503270200-KMSC-UBUS01-PIREP,13000.0,41.61946196174624,-93.33925638714024,2025-03-27 02:30:00,3.0,L,"('KDMX', 'KDVN', 'KEAX', 'KOAX', 'KARX')","['s3://noaa-nexrad-level2/2025/03/27/KDMX/KDMX20250327_022509_V06', 's3://noaa-nexrad-level2/2025/03/27/KDVN/KDVN20250327_022550_V06', 's3://noaa-nexrad-level2/2025/03/27/KEAX/KEAX20250327_022458_V06', 's3://noaa-nexrad-level2/2025/03/27/KOAX/KOAX20250327_022512_V06', 's3://noaa-nexrad-level2/2025/03/27/KARX/KARX20250327_022608_V06']"
107710,F,B38M,LCQ UA /OV LCQ355030/TM 0234/FL280/TP B38M/TB OCNL LGT,OCNL LGT,202503270200-KMSC-UBUS01-PIREP,28000.0,30.68023769497149,-82.62731623367895,2025-03-27 02:34:00,1.0,U,"('KVAX', 'KJAX', 'KTLH', 'KJGX', 'KCLX')","['s3://noaa-nexrad-level2/2025/03/27/KVAX/KVAX20250327_023043_V06', 's3://noaa-nexrad-level2/2025/03/27/KJAX/KJAX20250327_023225_V06', 's3://noaa-nexrad-level2/2025/03/27/KTLH/KTLH20250327_022725_V06', 's3://noaa-nexrad-level2/2025/03/27/KJGX/KJGX20250327_023057_V06']"
107711,F,CL60,LKV UA /OV LKV161032/TM 0234/FL400/TP CL60/TB CONS LGT OCNL MOD CHOP/RM ZSE,CONS LGT OCNL MOD CHOP,202503270200-KMSC-UBUS01-PIREP,40000.0,41.65679257990372,-120.16481627489604,2025-03-27 02:34:00,2.0,M,"('KRGX', 'KMAX', 'KBBX', 'KLRX', 'KDAX')","['s3://noaa-nexrad-level2/2025/03/27/KRGX/KRGX20250327_023143_V06', 's3://noaa-nexrad-level2/2025/03/27/KMAX/KMAX20250327_023155_V06', 's3://noaa-nexrad-level2/2025/03/27/KBBX/KBBX20250327_023352_V06', 's3://noaa-nexrad-level2/2025/03/27/KLRX/KLRX20250327_023358_V06', 's3://noaa-nexrad-level2/2025/03/27/KDAX/KDAX20250327_022950_V06']"
107712,F,A321,MYGF UA /OV ZFP/TM 0234/FL350/TP A321/TB CONS LGT CHOP OCNL MOD,CONS LGT CHOP OCNL MOD,202503270200-KMSC-UBUS01-PIREP,35000.0,26.5,-78.78,2025-03-27 02:34:00,2.0,M,"('KAMX', 'KAMX', 'KMLB', 'KBYX', 'KTBW')","['s3://noaa-nexrad-level2/2025/03/27/KAMX/KAMX20250327_023329_V06', 's3://noaa-nexrad-level2/2025/03/27/KAMX/KAMX20250327_023329_V06', 's3://noaa-nexrad-level2/2025/03/27/KMLB/KMLB20250327_022904_V06', 's3://noaa-nexrad-level2/2025/03/27/KBYX/KBYX20250327_023355_V06', 's3://noaa-nexrad-level2/2025/03/27/KTBW/KTBW20250327_023309_V06']"
107713,F,A21N,PRC UA /OV DRK260050/TM 0235/FL320/TP A21N/TB CONS LGT/RM BORDER MOD ZAB/FDCS,CONS LGT,202503270200-KMSC-UBUS01-PIREP,32000.0,34.555281464013845,-113.47829173616708,2025-03-27 02:35:00,1.0,U,"('KESX', 'KIWA', 'KFSX', 'KFSX', 'KYUX')","['s3://noaa-nexrad-level2/2025/03/27/KESX/KESX20250327_023417_V06', 's3://noaa-nexrad-level2/2025/03/27/KIWA/KIWA20250327_023032_V06', 's3://noaa-nexrad-level2/2025/03/27/KFSX/KFSX20250327_023145_V06', 's3://noaa-nexrad-level2/2025/03/27/KFSX/KFSX20250327_023145_V06', 's3://noaa-nexrad-level2/2025/03/27/KYUX/KYUX20250327_022629_V06']"
107714,F,E75,SEA UA /OV SEA150050/TM 0236/FL290/TP E75/TB LGT-MOD /RM DURC SUMMA DEPT ZSE,LGT-MOD,202503270200-KMSC-UBUS01-PIREP,29000.0,46.72294370673976,-121.69822417675104,2025-03-27 02:36:00,2.0,U,"('KRTX', 'KATX', 'KLGX', 'KPDT', 'KOTX')","['s3://noaa-nexrad-level2/2025/03/27/KRTX/KRTX20250327_023422_V06', 's3://noaa-nexrad-level2/2025/03/27/KATX/KATX20250327_023451_V06', 's3://noaa-nexrad-level2/2025/03/27/KLGX/KLGX20250327_023242_V06', 's3://noaa-nexrad-level2/2025/03/27/KPDT/KPDT20250327_022919_V06', 's3://noaa-nexrad-level2/2025/03/27/KOTX/KOTX20250327_022944_V06']"
107715,F,A320,LCH UA /OV LCH360040/TM 0239/FL230/TP A320/TB MOD CHOP/RM 40N LCH A320 RPTD MOD CHOP FL230 AT 0239Z KZHU,MOD CHOP,202503270300-KMSC-UBUS01-PIREP,23000.0,30.79222151672067,-93.2277037,2025-03-27 02:39:00,3.0,M,"('KPOE', 'KLCH', 'KSHV', 'KHGX', 'KHDC')","['s3://noaa-nexrad-level2/2025/03/27/KPOE/KPOE20250327_023638_V06', 's3://noaa-nexrad-level2/2025/03/27/KLCH/KLCH20250327_023632_V06', 's3://noaa-nexrad-level2/2025/03/27/KSHV/KSHV20250327_023702_V06', 's3://noaa-nexrad-level2/2025/03/27/KHGX/KHGX20250327_023627_V06', 's3://noaa-nexrad-level2/2025/03/27/KHDC/KHDC20250327_023001_V06']"
107716,F,A320,MYNN UA /OV ZQA334107/TM 0241/FL350/TP A320/TB MOD,MOD,202503270200-KMSC-UBUS01-PIREP,35000.0,26.602979213496667,-78.31264866351015,2025-03-27 02:41:00,3.0,M,"('KAMX', 'KAMX', 'KMLB', 'KBYX', 'KTBW')","['s3://noaa-nexrad-level2/2025/03/27/KAMX/KAMX20250327_023902_V06', 's3://noaa-nexrad-level2/2025/03/27/KAMX/KAMX20250327_023902_V06', 's3://noaa-nexrad-level2/2025/03/27/KMLB/KMLB20250327_023607_V06', 's3://noaa-nexrad-level2/2025/03/27/KBYX/KBYX20250327_023832_V06', 's3://noaa-nexrad-level2/2025/03/27/KTBW/KTBW20250327_024014_V06']"
107717,F,B772,ELD UA /OV ELD280015/TM 0244/FL350/TP B772/TB MOD/RM ZFW,MOD,202503270200-KMSC-UBUS01-PIREP,35000.0,33.264385560795844,-93.10760526892447,2025-03-27 02:44:00,3.0,H,"('KSHV', 'KLZK', 'KPOE', 'KSRX', 'KLCH')","['s3://noaa-nexrad-level2/2025/03/27/KSHV/KSHV20250327_023702_V06', 's3://noaa-nexrad-level2/2025/03/27/KLZK/KLZK20250327_023926_V06', 's3://noaa-nexrad-level2/2025/03/27/KPOE/KPOE20250327_024339_V06', 's3://noaa-nexrad-level2/2025/03/27/KSRX/KSRX20250327_023748_V06', 's3://noaa-nexrad-level2/2025/03/27/KLCH/KLCH20250327_024121_V06']"
107718,F,E145,UTS UA /OV LOA/TM 0249/FL300/TP E145/TB MOD CHOP/RM OVER LOA E145 RPTD MOD CHOP FL300 AT 0249Z KZHU,MOD CHOP,202503270300-KMSC-UBUS01-PIREP,30000.0,31.12,-95.97,2025-03-27 02:49:00,3.0,M,"('KGRK', 'KHGX', 'KFWS', 'KEWX', 'KSHV')","['s3://noaa-nexrad-level2/2025/03/27/KGRK/KGRK20250327_024653_V06', 's3://noaa-nexrad-level2/2025/03/27/KHGX/KHGX20250327_024808_V06', 's3://noaa-nexrad-level2/2025/03/27/KFWS/KFWS20250327_024424_V06', 's3://noaa-nexrad-level2/2025/03/27/KEWX/KEWX20250327_024853_V06', 's3://noaa-nexrad-level2/2025/03/27/KSHV/KSHV20250327_024534_V06']"
107719,F,A21N,COT UA /OV COT045020/TM 0250/FL380/TP A21N/TB CONT MOD CHOP/RM ZHU,CONT MOD CHOP,202503270300-KMSC-UBUS01-PIREP,38000.0,28.692391352297697,-98.95021429510788,2025-03-27 02:50:00,3.0,U,"('KEWX', 'KDFX', 'KCRP', 'KGRK', 'KSJT')","['s3://noaa-nexrad-level2/2025/03/27/KEWX/KEWX20250327_024853_V06', 's3://noaa-nexrad-level2/2025/03/27/KDFX/KDFX20250327_024710_V06', 's3://noaa-nexrad-level2/2025/03/27/KCRP/KCRP20250327_024746_V06', 's3://noaa-nexrad-level2/2025/03/27/KGRK/KGRK20250327_024653_V06', 's3://noaa-nexrad-level2/2025/03/27/KSJT/KSJT20250327_024725_V06']"
107720,F,B739,FLG UA /OV FLG150050/TM 0255/FL370/TP B739/TB LGT OCNL MOD/RM ZAB/FDCS,LGT OCNL MOD,202503270200-KMSC-UBUS01-PIREP,37000.0,34.41853370673975,-111.1626476074813,2025-03-27 02:55:00,2.0,M,"('KFSX', 'KFSX', 'KIWA', 'KEMX', 'KICX')","['s3://noaa-nexrad-level2/2025/03/27/KFSX/KFSX20250327_024918_V06', 's3://noaa-nexrad-level2/2025/03/27/KFSX/KFSX20250327_024918_V06', 's3://noaa-nexrad-level2/2025/03/27/KIWA/KIWA20250327_024737_V06', 's3://noaa-nexrad-level2/2025/03/27/KEMX/KEMX20250327_024946_V06', 's3://noaa-nexrad-level2/2025/03/27/KICX/KICX20250327_025215_V06']"
107721,F,B738,PNT UA /OV PNT360005/TM 0258/FL110/TP B738/SK BASE110/TA UNK/TB CONS LGT CHOP 180-110/IC LGT MX,CONS LGT CHOP 180-110,202503270300-KMSC-UBUS01-PIREP,11000.0,41.00778008334008,-88.62394,2025-03-27 02:58:00,1.0,M,"('KLOT', 'KILX', 'KMKX', 'KDVN', 'KIND')","['s3://noaa-nexrad-level2/2025/03/27/KLOT/KLOT20250327_025324_V06', 's3://noaa-nexrad-level2/2025/03/27/KILX/KILX20250327_025543_V06', 's3://noaa-nexrad-level2/2025/03/27/KMKX/KMKX20250327_025524_V06', 's3://noaa-nexrad-level2/2025/03/27/KDVN/KDVN20250327_025752_V06', 's3://noaa-nexrad-level2/2025/03/27/KIND/KIND20250327_025756_V06']"
107722,F,E170,SAT UA /OV SAT090030/TM 0259/FL360/TP E170/TB MOD/RM ZHU,MOD,202503270300-KMSC-UBUS01-PIREP,36000.0,29.53369,-97.89506440349406,2025-03-27 02:59:00,3.0,U,"('KEWX', 'KGRK', 'KCRP', 'KDFX', 'KHGX')","['s3://noaa-nexrad-level2/2025/03/27/KEWX/KEWX20250327_025418_V06', 's3://noaa-nexrad-level2/2025/03/27/KGRK/KGRK20250327_025714_V06', 's3://noaa-nexrad-level2/2025/03/27/KCRP/KCRP20250327_025839_V06', 's3://noaa-nexrad-level2/2025/03/27/KDFX/KDFX20250327_025617_V06', 's3://noaa-nexrad-level2/2025/03/27/KHGX/KHGX20250327_025353_V06']"
107723,F,E75L,SEA UA /OV SEA330008/TM 0300/FL040/TP E75L/WX RA/TB LGT/RM VECTOR TO FINAL 16R VIA ELLIOT BAY,LGT,202503270300-KMSC-UBUS01-PIREP,4000.0,47.56016940692164,-122.41295333171983,2025-03-27 03:00:00,1.0,U,"('KATX', 'KLGX', 'KRTX', 'KPDT', 'KOTX')","['s3://noaa-nexrad-level2/2025/03/27/KATX/KATX20250327_025934_V06', 's3://noaa-nexrad-level2/2025/03/27/KLGX/KLGX20250327_025317_V06', 's3://noaa-nexrad-level2/2025/03/27/KRTX/KRTX20250327_025712_V06', 's3://noaa-nexrad-level2/2025/03/27/KPDT/KPDT20250327_025620_V06', 's3://noaa-nexrad-level2/2025/03/27/KOTX/KOTX20250327_025751_V06']"
107724,F,A319,COT UA /OV COT360010/TM 0300/FL360/TP A319/TB MOD CHOP/RM ZHU,MOD CHOP,202503270300-KMSC-UBUS01-PIREP,36000.0,28.623350166680165,-99.21833,2025-03-27 03:00:00,3.0,M,"('KDFX', 'KEWX', 'KCRP', 'KGRK', 'KSJT')","['s3://noaa-nexrad-level2/2025/03/27/KDFX/KDFX20250327_025617_V06', 's3://noaa-nexrad-level2/2025/03/27/KEWX/KEWX20250327_025943_V06', 's3://noaa-nexrad-level2/2025/03/27/KCRP/KCRP20250327_025839_V06', 's3://noaa-nexrad-level2/2025/03/27/KGRK/KGRK20250327_025714_V06', 's3://noaa-nexrad-level2/2025/03/27/KSJT/KSJT20250327_025729_V06']"
107725,F,E75L,FST UA /OV FST045025/TM 0300/FL370/TP E75L/TB MOD CHOP/RM 25NE FST E75L RPTD MOD CHOP FL370 AT 0300Z KZHU,MOD CHOP,202503270300-KMSC-UBUS01-PIREP,37000.0,31.206591690372125,-102.5732362475937,2025-03-27 03:00:00,3.0,U,"('KMAF', 'KSJT', 'KLBB', 'KDFX', 'KDYX')","['s3://noaa-nexrad-level2/2025/03/27/KMAF/KMAF20250327_025831_V06', 's3://noaa-nexrad-level2/2025/03/27/KSJT/KSJT20250327_025729_V06', 's3://noaa-nexrad-level2/2025/03/27/KLBB/KLBB20250327_025756_V06', 's3://noaa-nexrad-level2/2025/03/27/KDFX/KDFX20250327_025617_V06', 's3://noaa-nexrad-level2/2025/03/27/KDYX/KDYX20250327_025557_V06']"
107726,F,B737,KLAX UA /OV JUUSE/TM 0302/FL080/TP B737/TB MOD TURB 085-080,MOD TURB 085-080,202503270300-KMSC-UBUS01-PIREP,8000.0,33.93816,-118.38653,2025-03-27 03:02:00,3.0,M,"('KSOX', 'KVTX', 'KEYX', 'KNKX', 'KVBX')","['s3://noaa-nexrad-level2/2025/03/27/KSOX/KSOX20250327_030036_V06', 's3://noaa-nexrad-level2/2025/03/27/KVTX/KVTX20250327_030105_V06', 's3://noaa-nexrad-level2/2025/03/27/KEYX/KEYX20250327_025928_V06', 's3://noaa-nexrad-level2/2025/03/27/KNKX/KNKX20250327_025935_V06', 's3://noaa-nexrad-level2/2025/03/27/KVBX/KVBX20250327_025345_V06']"
107727,F,BCS3,EEO UA /OV EKR090043/TM 0305/FL360/TP BCS3/TB NEG/RM ZDVWC-04,NEG,202503270300-KMSC-UBUS01-PIREP,36000.0,40.07,-106.98342149478252,2025-03-27 03:05:00,0.0,U,"('KGJX', 'KCYS', 'KFTG', 'KPUX', 'KRIW')","['s3://noaa-nexrad-level2/2025/03/27/KGJX/KGJX20250327_030113_V06', 's3://noaa-nexrad-level2/2025/03/27/KCYS/KCYS20250327_030036_V06', 's3://noaa-nexrad-level2/2025/03/27/KFTG/KFTG20250327_025817_V06', 's3://noaa-nexrad-level2/2025/03/27/KPUX/KPUX20250327_025814_V06', 's3://noaa-nexrad-level2/2025/03/27/KRIW/KRIW20250327_025631_V06']"
107728,F,A320,SEA UA /OV SEA340010/TM 0305/FL030/TP A320/WX RA/TB OCNL LGT /RM FINAL 16R SEA,OCNL LGT,202503270300-KMSC-UBUS01-PIREP,3000.0,47.60131812266072,-122.39866371311084,2025-03-27 03:05:00,1.0,M,"('KATX', 'KLGX', 'KRTX', 'KPDT', 'KOTX')","['s3://noaa-nexrad-level2/2025/03/27/KATX/KATX20250327_025934_V06', 's3://noaa-nexrad-level2/2025/03/27/KLGX/KLGX20250327_030009_V06', 's3://noaa-nexrad-level2/2025/03/27/KRTX/KRTX20250327_030146_V06', 's3://noaa-nexrad-level2/2025/03/27/KPDT/KPDT20250327_030243_V06', 's3://noaa-nexrad-level2/2025/03/27/KOTX/KOTX20250327_030457_V06']"
107729,F,CRJ7,SDF UA /OV FGX/TM 0306/FL320/TP CRJ7/TB CONS LGT CHOP,CONS LGT CHOP,202503270400-KMSC-UBUS01-PIREP,32000.0,38.5418,-83.7434,2025-03-27 03:06:00,1.0,M,"('KILN', 'KJKL', 'KRLX', 'KLVX', 'KMRX')","['s3://noaa-nexrad-level2/2025/03/27/KILN/KILN20250327_030231_V06', 's3://noaa-nexrad-level2/2025/03/27/KJKL/KJKL20250327_030133_V06', 's3://noaa-nexrad-level2/2025/03/27/KRLX/KRLX20250327_030355_V06', 's3://noaa-nexrad-level2/2025/03/27/KLVX/KLVX20250327_030444_V06', 's3://noaa-nexrad-level2/2025/03/27/KMRX/KMRX20250327_030350_V06']"
107730,T,E170,AUS UUA /OV CWK315010/TM 0307/FL065/TP E170/TB MOD -SEV 065-095 DURC/RM ZHU,MOD -SEV 065-095 DURC,202503270300-KMSC-UBUS01-PIREP,6500.0,30.49786067614885,-97.66661992280726,2025-03-27 03:07:00,4.0,U,"('KGRK', 'KEWX', 'KFWS', 'KDYX', 'KCRP')","['s3://noaa-nexrad-level2/2025/03/27/KGRK/KGRK20250327_030433_V06', 's3://noaa-nexrad-level2/2025/03/27/KEWX/KEWX20250327_030507_V06', 's3://noaa-nexrad-level2/2025/03/27/KFWS/KFWS20250327_030445_V06', 's3://noaa-nexrad-level2/2025/03/27/KDYX/KDYX20250327_030244_V06', 's3://noaa-nexrad-level2/2025/03/27/KCRP/KCRP20250327_030406_V06']"
107731,F,E170,GRK UA /OV AGJ/TM 0308/FL340/TP E170/TB MOD CHOP/RM ZHU,MOD CHOP,202503270300-KMSC-UBUS01-PIREP,34000.0,31.07,-97.83,2025-03-27 03:08:00,3.0,U,"('KGRK', 'KEWX', 'KFWS', 'KDYX', 'KSJT')","['s3://noaa-nexrad-level2/2025/03/27/KGRK/KGRK20250327_030433_V06', 's3://noaa-nexrad-level2/2025/03/27/KEWX/KEWX20250327_030507_V06', 's3://noaa-nexrad-level2/2025/03/27/KFWS/KFWS20250327_030445_V06', 's3://noaa-nexrad-level2/2025/03/27/KDYX/KDYX20250327_030244_V06', 's3://noaa-nexrad-level2/2025/03/27/KSJT/KSJT20250327_030730_V06']"
107732,F,E75L,SLC UA /OV TCH088035/TM 0309/FL270/TP E75L/TB CONS MOD 230-270/RM DURC /ZLC,CONS MOD 230-270,202503270300-KMSC-UBUS01-PIREP,27000.0,40.87035968874599,-111.20923548243314,2025-03-27 03:09:00,3.0,U,"('KMTX', 'KSFX', 'KGJX', 'KRIW', 'KICX')","['s3://noaa-nexrad-level2/2025/03/27/KMTX/KMTX20250327_030401_V06', 's3://noaa-nexrad-level2/2025/03/27/KSFX/KSFX20250327_030705_V06', 's3://noaa-nexrad-level2/2025/03/27/KGJX/KGJX20250327_030113_V06', 's3://noaa-nexrad-level2/2025/03/27/KRIW/KRIW20250327_030511_V06', 's3://noaa-nexrad-level2/2025/03/27/KICX/KICX20250327_030831_V06']"
107733,F,E170,CBM UA /OV IGB090015/TM 0309/FL330/TP E170/TB CONS MOD 330/RM ZME,CONS MOD 330,202503270300-KMSC-UBUS01-PIREP,33000.0,33.48,-88.22024371816308,2025-03-27 03:09:00,3.0,U,"('KGWX', 'KBMX', 'KDGX', 'KNQA', 'KHTX')","['s3://noaa-nexrad-level2/2025/03/27/KGWX/KGWX20250327_030646_V06', 's3://noaa-nexrad-level2/2025/03/27/KBMX/KBMX20250327_030424_V06', 's3://noaa-nexrad-level2/2025/03/27/KDGX/KDGX20250327_030739_V06', 's3://noaa-nexrad-level2/2025/03/27/KNQA/KNQA20250327_030045_V06', 's3://noaa-nexrad-level2/2025/03/27/KHTX/KHTX20250327_030209_V06']"
107734,F,B737,JVL UA /OV JVL/TM 0310/FL380/TP B737/TB LGT CHOP,LGT CHOP,202503270300-KMSC-UBUS01-PIREP,38000.0,42.62025,-89.04156,2025-03-27 03:10:00,1.0,M,"('KMKX', 'KLOT', 'KDVN', 'KGRB', 'KARX')","['s3://noaa-nexrad-level2/2025/03/27/KMKX/KMKX20250327_030849_V06', 's3://noaa-nexrad-level2/2025/03/27/KLOT/KLOT20250327_030737_V06', 's3://noaa-nexrad-level2/2025/03/27/KDVN/KDVN20250327_030711_V06', 's3://noaa-nexrad-level2/2025/03/27/KGRB/KGRB20250327_030431_V06', 's3://noaa-nexrad-level2/2025/03/27/KARX/KARX20250327_030909_V06']"
107735,F,A321,ERV UA /OV STV090015/TM 0311/FL140/TP A321/TB CONT MOD /RM ZHU,CONT MOD,202503270300-KMSC-UBUS01-PIREP,14000.0,30.21,-98.42068732647547,2025-03-27 03:11:00,3.0,M,"('KEWX', 'KGRK', 'KDFX', 'KSJT', 'KDYX')","['s3://noaa-nexrad-level2/2025/03/27/KEWX/KEWX20250327_031032_V06', 's3://noaa-nexrad-level2/2025/03/27/KGRK/KGRK20250327_030916_V06', 's3://noaa-nexrad-level2/2025/03/27/KDFX/KDFX20250327_030943_V06', 's3://noaa-nexrad-level2/2025/03/27/KSJT/KSJT20250327_031044_V06', 's3://noaa-nexrad-level2/2025/03/27/KDYX/KDYX20250327_030932_V06']"
107736,F,B767,GSO UA /OV GSO/TM 0313/FL330/TP B767/TB LGT CHOP/RM ZTLFD-33,LGT CHOP,202503270300-KMSC-UBUS01-PIREP,33000.0,36.0975,-79.94361,2025-03-27 03:13:00,1.0,H,"('KFCX', 'KRAX', 'KCAE', 'KGSP', 'KLTX')","['s3://noaa-nexrad-level2/2025/03/27/KFCX/KFCX20250327_030635_V06', 's3://noaa-nexrad-level2/2025/03/27/KRAX/KRAX20250327_031002_V06', 's3://noaa-nexrad-level2/2025/03/27/KCAE/KCAE20250327_031113_V06', 's3://noaa-nexrad-level2/2025/03/27/KGSP/KGSP20250327_030649_V06', 's3://noaa-nexrad-level2/2025/03/27/KLTX/KLTX20250327_030823_V06']"
107737,F,A21N,CLT UA /OV CLT/TM 0314/FL370/TP A21N/TB NEG/RM SMOOTH ZTLFD-33,NEG,202503270300-KMSC-UBUS01-PIREP,37000.0,35.22255,-80.95431,2025-03-27 03:14:00,0.0,U,"('KCAE', 'KGSP', 'KFCX', 'KRAX', 'KCLX')","['s3://noaa-nexrad-level2/2025/03/27/KCAE/KCAE20250327_031113_V06', 's3://noaa-nexrad-level2/2025/03/27/KGSP/KGSP20250327_030649_V06', 's3://noaa-nexrad-level2/2025/03/27/KFCX/KFCX20250327_030635_V06', 's3://noaa-nexrad-level2/2025/03/27/KRAX/KRAX20250327_031002_V06']"
107738,F,P28A,MLS UA /OV MLS /TM 0319 /FL080 /TP P28A /TB NEG,NEG,202503270300-KMSC-UBUS01-PIREP,8000.0,46.42797,-105.88625,2025-03-27 03:19:00,0.0,L,"('KGGW', 'KBLX', 'KUDX', 'KRIW', 'KBIS')","['s3://noaa-nexrad-level2/2025/03/27/KGGW/KGGW20250327_031312_V06', 's3://noaa-nexrad-level2/2025/03/27/KBLX/KBLX20250327_031244_V06', 's3://noaa-nexrad-level2/2025/03/27/KUDX/KUDX20250327_031351_V06', 's3://noaa-nexrad-level2/2025/03/27/KRIW/KRIW20250327_031343_V06', 's3://noaa-nexrad-level2/2025/03/27/KBIS/KBIS20250327_031840_V06']"
107739,F,PC12,EVU UA /OV EVU/TM 0321/FL160/TP PC12/TA M10/TB MOD/IC LGT CLR 150-146,MOD,202503270300-KMSC-UBUS01-PIREP,16000.0,40.3525,-94.915,2025-03-27 03:21:00,3.0,L,"('KEAX', 'KOAX', 'KDMX', 'KTWX', 'KSGF')","['s3://noaa-nexrad-level2/2025/03/27/KEAX/KEAX20250327_032052_V06', 's3://noaa-nexrad-level2/2025/03/27/KOAX/KOAX20250327_031436_V06', 's3://noaa-nexrad-level2/2025/03/27/KDMX/KDMX20250327_031442_V06', 's3://noaa-nexrad-level2/2025/03/27/KTWX/KTWX20250327_031751_V06', 's3://noaa-nexrad-level2/2025/03/27/KSGF/KSGF20250327_031618_V06']"
107740,F,A21N,ROW UA /OV CME300035/TM 0322/FL360/TP A21N/TB CONS LGT CHOP/RM ZAB/FDCS,CONS LGT CHOP,202503270300-KMSC-UBUS01-PIREP,36000.0,33.6316902916903,-105.22474978624132,2025-03-27 03:22:00,1.0,U,"('KHDX', 'KFDX', 'KABX', 'KEPZ', 'KLBB')","['s3://noaa-nexrad-level2/2025/03/27/KHDX/KHDX20250327_032029_V06', 's3://noaa-nexrad-level2/2025/03/27/KFDX/KFDX20250327_031623_V06', 's3://noaa-nexrad-level2/2025/03/27/KABX/KABX20250327_031655_V06', 's3://noaa-nexrad-level2/2025/03/27/KEPZ/KEPZ20250327_032155_V06', 's3://noaa-nexrad-level2/2025/03/27/KLBB/KLBB20250327_031836_V06']"
107741,F,A359,RIW UA /OV RIW200020/TM 0325/FL390/TP A359/TB MOD /ZLC,MOD,202503270300-KMSC-UBUS01-PIREP,39000.0,42.75097375467857,-108.61590037734892,2025-03-27 03:25:00,3.0,U,"('KRIW', 'KBLX', 'KGJX', 'KSFX', 'KMTX')","['s3://noaa-nexrad-level2/2025/03/27/KRIW/KRIW20250327_032215_V06', 's3://noaa-nexrad-level2/2025/03/27/KBLX/KBLX20250327_032225_V06', 's3://noaa-nexrad-level2/2025/03/27/KGJX/KGJX20250327_031827_V06', 's3://noaa-nexrad-level2/2025/03/27/KSFX/KSFX20250327_032111_V06', 's3://noaa-nexrad-level2/2025/03/27/KMTX/KMTX20250327_032426_V06']"
107742,F,TBM7,PUW UA /OV PUW160020/TM 0328/FL240/TP TBM7/TB MOD CHOP /RM MOD CHOP FL240 DURD TOP FL250 ZSE,MOD CHOP,202503270300-KMSC-UBUS01-PIREP,24000.0,46.430603754678565,-116.94319676473827,2025-03-27 03:28:00,3.0,L,"('KOTX', 'KPDT', 'KMSX', 'KCBX', 'KSFX')","['s3://noaa-nexrad-level2/2025/03/27/KOTX/KOTX20250327_032556_V06', 's3://noaa-nexrad-level2/2025/03/27/KPDT/KPDT20250327_032231_V06', 's3://noaa-nexrad-level2/2025/03/27/KMSX/KMSX20250327_032223_V06', 's3://noaa-nexrad-level2/2025/03/27/KCBX/KCBX20250327_032544_V06', 's3://noaa-nexrad-level2/2025/03/27/KSFX/KSFX20250327_032111_V06']"
107743,F,B737,ORD UA /OV GGP/TM 0331/FL200/TP B737/TB NEG/IC NEG,NEG,202503270300-KMSC-UBUS01-PIREP,20000.0,40.7113,-86.3727,2025-03-27 03:31:00,0.0,M,"('KIWX', 'KIND', 'KLOT', 'KGRR', 'KLVX')","['s3://noaa-nexrad-level2/2025/03/27/KIWX/KIWX20250327_032930_V06', 's3://noaa-nexrad-level2/2025/03/27/KIND/KIND20250327_032647_V06', 's3://noaa-nexrad-level2/2025/03/27/KLOT/KLOT20250327_032856_V06', 's3://noaa-nexrad-level2/2025/03/27/KGRR/KGRR20250327_032546_V06', 's3://noaa-nexrad-level2/2025/03/27/KLVX/KLVX20250327_032556_V06']"
107744,F,E75L,HQM UA /OV HQM070020/TM 0339/FL230/TP E75L/SK TOP270/TB MOD CHOP 230-270/RM DURC HAROB6 ZSE,MOD CHOP 230-270,202503270300-KMSC-UBUS01-PIREP,23000.0,47.085205948995,-123.47748637064744,2025-03-27 03:39:00,3.0,U,"('KLGX', 'KRTX', 'KATX', 'KPDT', 'KMAX')","['s3://noaa-nexrad-level2/2025/03/27/KLGX/KLGX20250327_033325_V06', 's3://noaa-nexrad-level2/2025/03/27/KRTX/KRTX20250327_033721_V06', 's3://noaa-nexrad-level2/2025/03/27/KATX/KATX20250327_033531_V06', 's3://noaa-nexrad-level2/2025/03/27/KPDT/KPDT20250327_033612_V06', 's3://noaa-nexrad-level2/2025/03/27/KMAX/KMAX20250327_033639_V06']"
107745,F,B777,MSY UA /OV TBD180060/TM 0341/FL350/TP B777/TB CONS LGT-MOD CHOP/RM 60S TBD B777 RPT CONT LGT MOD CHOP FL350 AT 0341Z KZHU,CONS LGT-MOD CHOP,202503270300-KMSC-UBUS01-PIREP,35000.0,28.659918999919,-90.83,2025-03-27 03:41:00,2.0,H,"('KHDC', 'KLIX', 'KLCH', 'KMOB', 'KPOE')","['s3://noaa-nexrad-level2/2025/03/27/KHDC/KHDC20250327_034035_V06', 's3://noaa-nexrad-level2/2025/03/27/KLCH/KLCH20250327_033909_V06', 's3://noaa-nexrad-level2/2025/03/27/KMOB/KMOB20250327_033217_V06', 's3://noaa-nexrad-level2/2025/03/27/KPOE/KPOE20250327_033944_V06']"
107746,F,E75L,PDX UA /OV BTG010025/TM 0344/FL340/TP E75L/SK TOP 330 /TB LGT-MOD 160-340/RM DURC SUMMA2 ZSE,LGT-MOD 160-340,202503270300-KMSC-UBUS01-PIREP,34000.0,46.16036980104999,-122.48630229681058,2025-03-27 03:44:00,2.0,U,"('KRTX', 'KLGX', 'KATX', 'KPDT', 'KMAX')","['s3://noaa-nexrad-level2/2025/03/27/KRTX/KRTX20250327_034140_V06', 's3://noaa-nexrad-level2/2025/03/27/KLGX/KLGX20250327_034002_V06', 's3://noaa-nexrad-level2/2025/03/27/KATX/KATX20250327_034121_V06', 's3://noaa-nexrad-level2/2025/03/27/KPDT/KPDT20250327_034250_V06', 's3://noaa-nexrad-level2/2025/03/27/KMAX/KMAX20250327_034310_V06']"
107747,F,B737,MBPV UA /OV PVN050087/TM 0347/FL370/TP B737/TB MOD,MOD,202503270300-KMSC-UBUS01-PIREP,37000.0,22.702117529525736,-71.06383529494767,2025-03-27 03:47:00,3.0,M,"('KAMX', 'KAMX', 'KBYX', 'KMLB', 'KTBW')","['s3://noaa-nexrad-level2/2025/03/27/KAMX/KAMX20250327_034404_V06', 's3://noaa-nexrad-level2/2025/03/27/KAMX/KAMX20250327_034404_V06', 's3://noaa-nexrad-level2/2025/03/27/KBYX/KBYX20250327_034327_V06', 's3://noaa-nexrad-level2/2025/03/27/KMLB/KMLB20250327_034643_V06', 's3://noaa-nexrad-level2/2025/03/27/KTBW/KTBW20250327_034507_V06']"
107748,F,B77W,PASY UA /OV 5327N16744E/TM 0349/FL350/TP B77W/TB LGT/RM /ZAN/,LGT,202503270400-KMSC-UBUS01-PIREP,35000.0,53.45,167.7333,2025-03-27 03:49:00,1.0,U,"('RKSG', 'RKJK', 'PGUA', 'RODN', 'LPLA')","['s3://noaa-nexrad-level2/2025/03/27/RKSG/RKSG20250327_034812_V06', 's3://noaa-nexrad-level2/2025/03/27/RKJK/RKJK20250327_034209_V06', 's3://noaa-nexrad-level2/2025/03/27/PGUA/PGUA20250327_034513_V06']"
107749,F,B737,PWK UA /OV OXI/TM 0350/FL200/TP B737/TB NEG/IC NEG,NEG,202503270300-KMSC-UBUS01-PIREP,20000.0,41.3301944,-86.6648056,2025-03-27 03:50:00,0.0,M,"('KIWX', 'KLOT', 'KIND', 'KGRR', 'KMKX')","['s3://noaa-nexrad-level2/2025/03/27/KIWX/KIWX20250327_034319_V06', 's3://noaa-nexrad-level2/2025/03/27/KLOT/KLOT20250327_034309_V06', 's3://noaa-nexrad-level2/2025/03/27/KIND/KIND20250327_034824_V06', 's3://noaa-nexrad-level2/2025/03/27/KGRR/KGRR20250327_034237_V06', 's3://noaa-nexrad-level2/2025/03/27/KMKX/KMKX20250327_034352_V06']"
107750,F,E75L,SEA UA /OV TCM115010/TM 0351/FL160/TP E75L/SK TOP340/TA M20/TB LGT-MOD 160-340/IC LGT RIME 160-200/RM DURC SB Q7 ZSE,LGT-MOD 160-340,202503270300-KMSC-UBUS01-PIREP,16000.0,47.06723791769098,-122.25439578906382,2025-03-27 03:51:00,2.0,U,"('KATX', 'KRTX', 'KLGX', 'KPDT', 'KOTX')","['s3://noaa-nexrad-level2/2025/03/27/KATX/KATX20250327_034732_V06', 's3://noaa-nexrad-level2/2025/03/27/KRTX/KRTX20250327_034953_V06', 's3://noaa-nexrad-level2/2025/03/27/KLGX/KLGX20250327_034640_V06', 's3://noaa-nexrad-level2/2025/03/27/KPDT/KPDT20250327_034953_V06', 's3://noaa-nexrad-level2/2025/03/27/KOTX/KOTX20250327_034846_V06']"
107751,F,A321,ORD UA /OV VYS/TM 0356/FL160/TP A321/TA 05/TB CONS LGT CHOP/IC LGT RIME 160-130,CONS LGT CHOP,202503270300-KMSC-UBUS01-PIREP,16000.0,41.35187,-89.15308,2025-03-27 03:56:00,1.0,M,"('KLOT', 'KILX', 'KDVN', 'KMKX', 'KLSX')","['s3://noaa-nexrad-level2/2025/03/27/KLOT/KLOT20250327_035014_V06', 's3://noaa-nexrad-level2/2025/03/27/KILX/KILX20250327_035320_V06', 's3://noaa-nexrad-level2/2025/03/27/KDVN/KDVN20250327_035441_V06', 's3://noaa-nexrad-level2/2025/03/27/KMKX/KMKX20250327_035053_V06', 's3://noaa-nexrad-level2/2025/03/27/KLSX/KLSX20250327_035120_V06']"
107752,F,B39M,PBI UA /OV PBI050050/TM 0359/FL320/TP B39M/TB MOD 320-290,MOD 320-290,202503270400-KMSC-UBUS01-PIREP,32000.0,27.22039972961249,-79.38487480165801,2025-03-27 03:59:00,3.0,U,"('KMLB', 'KAMX', 'KAMX', 'KTBW', 'KBYX')","['s3://noaa-nexrad-level2/2025/03/27/KMLB/KMLB20250327_035347_V06', 's3://noaa-nexrad-level2/2025/03/27/KAMX/KAMX20250327_035606_V06', 's3://noaa-nexrad-level2/2025/03/27/KAMX/KAMX20250327_035606_V06', 's3://noaa-nexrad-level2/2025/03/27/KTBW/KTBW20250327_035212_V06', 's3://noaa-nexrad-level2/2025/03/27/KBYX/KBYX20250327_035718_V06']"
107753,F,A321,SSI UA /OV SSI/TM 0407/FL260/TP A321/TB LGT CHOP,LGT CHOP,202503270400-KMSC-UBUS01-PIREP,26000.0,31.15222,-81.39083,2025-03-27 04:07:00,1.0,M,"('KJAX', 'KCLX', 'KVAX', 'KJGX', 'KCAE')","['s3://noaa-nexrad-level2/2025/03/27/KJAX/KJAX20250327_040317_V06', 's3://noaa-nexrad-level2/2025/03/27/KVAX/KVAX20250327_040219_V06', 's3://noaa-nexrad-level2/2025/03/27/KJGX/KJGX20250327_040203_V06', 's3://noaa-nexrad-level2/2025/03/27/KCAE/KCAE20250327_040531_V06']"
107754,F,B737,UA /OV CYLW 240010 /TM 0410 /FL160 /TP B737 /TB LGT-MOD 110-160,LGT-MOD 110-160,202503270419-CYKA-UACN10-PIREP,16000.0,49.87019991665992,-119.59913084912448,2025-03-27 04:10:00,2.0,M,"('KOTX', 'KATX', 'KPDT', 'KLGX', 'KRTX')","['s3://noaa-nexrad-level2/2025/03/27/KOTX/KOTX20250327_040702_V06', 's3://noaa-nexrad-level2/2025/03/27/KATX/KATX20250327_040604_V06', 's3://noaa-nexrad-level2/2025/03/27/KPDT/KPDT20250327_040338_V06', 's3://noaa-nexrad-level2/2025/03/27/KLGX/KLGX20250327_040620_V06', 's3://noaa-nexrad-level2/2025/03/27/KRTX/KRTX20250327_040741_V06']"
107755,F,A320,TUP UA /OV HLI045020/TM 0411/FL300/TP A320/TB CONS LGT OCNL MOD 300/RM ZME,CONS LGT OCNL MOD 300,202503270400-KMSC-UBUS01-PIREP,30000.0,35.005721352297705,-89.21304163522397,2025-03-27 04:11:00,2.0,M,"('KNQA', 'KGWX', 'KPAH', 'KHPX', 'KDGX')","['s3://noaa-nexrad-level2/2025/03/27/KNQA/KNQA20250327_040946_V06', 's3://noaa-nexrad-level2/2025/03/27/KGWX/KGWX20250327_041027_V06', 's3://noaa-nexrad-level2/2025/03/27/KPAH/KPAH20250327_040615_V06', 's3://noaa-nexrad-level2/2025/03/27/KHPX/KHPX20250327_040739_V06', 's3://noaa-nexrad-level2/2025/03/27/KDGX/KDGX20250327_040742_V06']"
107756,F,B737,ANC UA /OV SQA240020/TM 0411/FL330/TP B737/TB CONS LGT/RM /ZAN/,CONS LGT,202503270400-KMSC-UBUS01-PIREP,33000.0,60.93331983331984,-156.22737024834146,2025-03-27 04:11:00,1.0,M,"('PAKC', 'PAHG', 'PABC', 'PAPD', 'PAEC')","['s3://noaa-nexrad-level2/2025/03/27/PAKC/PAKC20250327_040839_V06', 's3://noaa-nexrad-level2/2025/03/27/PAHG/PAHG20250327_040938_V06', 's3://noaa-nexrad-level2/2025/03/27/PAPD/PAPD20250327_040950_V06', 's3://noaa-nexrad-level2/2025/03/27/PAEC/PAEC20250327_040556_V06']"
107757,F,A321,RMG UA /OV RMG/TM 0414/FL320/TP A321/TB CONS LGT CHOP/RM ZTLFD-03,CONS LGT CHOP,202503270400-KMSC-UBUS01-PIREP,32000.0,34.34778,-85.16111,2025-03-27 04:14:00,1.0,M,"('KHTX', 'KFFC', 'KMXX', 'KBMX', 'KOHX')","['s3://noaa-nexrad-level2/2025/03/27/KHTX/KHTX20250327_041305_V06', 's3://noaa-nexrad-level2/2025/03/27/KFFC/KFFC20250327_040704_V06', 's3://noaa-nexrad-level2/2025/03/27/KMXX/KMXX20250327_041326_V06', 's3://noaa-nexrad-level2/2025/03/27/KBMX/KBMX20250327_040603_V06', 's3://noaa-nexrad-level2/2025/03/27/KOHX/KOHX20250327_040702_V06']"
107758,F,A320,TUP UA /OV HLI225010/TM 0417/FL340/TP A320/TB CONS LGT OCNL MOD 340/RM ZME,CONS LGT OCNL MOD 340,202503270400-KMSC-UBUS01-PIREP,34000.0,34.65213932385115,-89.643479182388,2025-03-27 04:17:00,2.0,M,"('KNQA', 'KGWX', 'KDGX', 'KPAH', 'KLZK')","['s3://noaa-nexrad-level2/2025/03/27/KNQA/KNQA20250327_040946_V06', 's3://noaa-nexrad-level2/2025/03/27/KGWX/KGWX20250327_041027_V06', 's3://noaa-nexrad-level2/2025/03/27/KDGX/KDGX20250327_041616_V06', 's3://noaa-nexrad-level2/2025/03/27/KPAH/KPAH20250327_041152_V06', 's3://noaa-nexrad-level2/2025/03/27/KLZK/KLZK20250327_041059_V06']"
107759,F,E135,BOI UA /OV BOI100050/TM 0420/FL350/TP E135/TB CONS MOD/ZLC,CONS MOD,202503270400-KMSC-UBUS01-PIREP,35000.0,43.42195146401384,-115.10783809095808,2025-03-27 04:20:00,3.0,M,"('KCBX', 'KSFX', 'KLRX', 'KMTX', 'KMSX')","['s3://noaa-nexrad-level2/2025/03/27/KCBX/KCBX20250327_041732_V06', 's3://noaa-nexrad-level2/2025/03/27/KSFX/KSFX20250327_041728_V06', 's3://noaa-nexrad-level2/2025/03/27/KLRX/KLRX20250327_041925_V06', 's3://noaa-nexrad-level2/2025/03/27/KMTX/KMTX20250327_041519_V06', 's3://noaa-nexrad-level2/2025/03/27/KMSX/KMSX20250327_041940_V06']"
107760,F,B739,SEA UA /OV SEA190010/TM 0420/FL040/TP B739/TB LGT MOD 040-135/RM DURC BANGR DEP,LGT MOD 040-135,202503270400-KMSC-UBUS01-PIREP,4000.0,47.28054207958001,-122.3571670397537,2025-03-27 04:20:00,2.0,M,"('KATX', 'KRTX', 'KLGX', 'KPDT', 'KOTX')","['s3://noaa-nexrad-level2/2025/03/27/KATX/KATX20250327_041826_V06', 's3://noaa-nexrad-level2/2025/03/27/KRTX/KRTX20250327_041647_V06', 's3://noaa-nexrad-level2/2025/03/27/KLGX/KLGX20250327_041912_V06', 's3://noaa-nexrad-level2/2025/03/27/KPDT/KPDT20250327_041723_V06', 's3://noaa-nexrad-level2/2025/03/27/KOTX/KOTX20250327_041935_V06']"
107761,F,B39M,GUC UA /OV HBU/TM 0421/FL360/TP B39M/TB LGT CHOP/RM ZDVWC-04,LGT CHOP,202503270400-KMSC-UBUS01-PIREP,36000.0,38.45,-107.04,2025-03-27 04:21:00,1.0,U,"('KGJX', 'KFTG', 'KPUX', 'KABX', 'KCYS')","['s3://noaa-nexrad-level2/2025/03/27/KGJX/KGJX20250327_041843_V06', 's3://noaa-nexrad-level2/2025/03/27/KFTG/KFTG20250327_041527_V06', 's3://noaa-nexrad-level2/2025/03/27/KPUX/KPUX20250327_041555_V06', 's3://noaa-nexrad-level2/2025/03/27/KABX/KABX20250327_042059_V06', 's3://noaa-nexrad-level2/2025/03/27/KCYS/KCYS20250327_041816_V06']"
107762,F,B38M,EKO UA /OV BQU210050/TM 0424/FL380/TP B38M/TB CONS MOD 380/ZLC,CONS MOD 380,202503270400-KMSC-UBUS01-PIREP,38000.0,40.03825370673975,-116.31013511377886,2025-03-27 04:24:00,3.0,U,"('KLRX', 'KRGX', 'KCBX', 'KMTX', 'KICX')","['s3://noaa-nexrad-level2/2025/03/27/KLRX/KLRX20250327_042354_V06', 's3://noaa-nexrad-level2/2025/03/27/KRGX/KRGX20250327_041618_V06', 's3://noaa-nexrad-level2/2025/03/27/KCBX/KCBX20250327_042215_V06', 's3://noaa-nexrad-level2/2025/03/27/KMTX/KMTX20250327_042138_V06', 's3://noaa-nexrad-level2/2025/03/27/KICX/KICX20250327_042252_V06']"
107763,F,B738,PDX UA /OV TMBRS/TM 0424/FL180/TP B738/TB MOD 180-100/RM DURD TMBRS3 STAR...DURC MINNE5 SID....ZSE,MOD 180-100,202503270400-KMSC-UBUS01-PIREP,18000.0,25.64227,-80.43467,2025-03-27 04:24:00,3.0,M,"('KAMX', 'KAMX', 'KBYX', 'KMLB', 'KTBW')","['s3://noaa-nexrad-level2/2025/03/27/KAMX/KAMX20250327_042157_V06', 's3://noaa-nexrad-level2/2025/03/27/KAMX/KAMX20250327_042157_V06', 's3://noaa-nexrad-level2/2025/03/27/KBYX/KBYX20250327_042022_V06', 's3://noaa-nexrad-level2/2025/03/27/KMLB/KMLB20250327_042201_V06', 's3://noaa-nexrad-level2/2025/03/27/KTBW/KTBW20250327_042032_V06']"
107764,F,A330,JAX UA /OV CRG/TM 0426/FL340/TP A330/TB MOD,MOD,202503270400-KMSC-UBUS01-PIREP,34000.0,30.3361,-81.5147,2025-03-27 04:26:00,3.0,L,"('KJAX', 'KVAX', 'KCLX', 'KMLB', 'KTBW')","['s3://noaa-nexrad-level2/2025/03/27/KJAX/KJAX20250327_042416_V06', 's3://noaa-nexrad-level2/2025/03/27/KVAX/KVAX20250327_042327_V06', 's3://noaa-nexrad-level2/2025/03/27/KMLB/KMLB20250327_042201_V06', 's3://noaa-nexrad-level2/2025/03/27/KTBW/KTBW20250327_042032_V06']"
107765,F,B763,BHM UA /OV VUZ/TM 0428/FL360/TP B763/TB OCNL LGT CHOP/RM ZTLFD-03,OCNL LGT CHOP,202503270400-KMSC-UBUS01-PIREP,36000.0,33.67,-86.9,2025-03-27 04:28:00,1.0,H,"('KBMX', 'KGWX', 'KHTX', 'KMXX', 'KFFC')","['s3://noaa-nexrad-level2/2025/03/27/KBMX/KBMX20250327_042316_V06', 's3://noaa-nexrad-level2/2025/03/27/KGWX/KGWX20250327_042440_V06', 's3://noaa-nexrad-level2/2025/03/27/KHTX/KHTX20250327_042708_V06', 's3://noaa-nexrad-level2/2025/03/27/KMXX/KMXX20250327_042732_V06', 's3://noaa-nexrad-level2/2025/03/27/KFFC/KFFC20250327_042106_V06']"
107766,F,A306,FWA UA /OV OLK/TM 0431/FL360/TP A306/TB NEG,NEG,202503270400-KMSC-UBUS01-PIREP,36000.0,41.25,-85.5,2025-03-27 04:31:00,0.0,H,"('KIWX', 'KGRR', 'KIND', 'KILN', 'KDTX')","['s3://noaa-nexrad-level2/2025/03/27/KIWX/KIWX20250327_042441_V06', 's3://noaa-nexrad-level2/2025/03/27/KGRR/KGRR20250327_042433_V06', 's3://noaa-nexrad-level2/2025/03/27/KIND/KIND20250327_042427_V06', 's3://noaa-nexrad-level2/2025/03/27/KILN/KILN20250327_043040_V06', 's3://noaa-nexrad-level2/2025/03/27/KDTX/KDTX20250327_042843_V06']"
107767,F,A321,ORD UA /OV RCR/TM 0432/FL220/TP A321/TB NEG/IC NEG,NEG,202503270400-KMSC-UBUS01-PIREP,22000.0,41.0655278,-86.1816944,2025-03-27 04:32:00,0.0,M,"('KIWX', 'KIND', 'KGRR', 'KLOT', 'KILN')","['s3://noaa-nexrad-level2/2025/03/27/KIWX/KIWX20250327_043135_V06', 's3://noaa-nexrad-level2/2025/03/27/KIND/KIND20250327_043140_V06', 's3://noaa-nexrad-level2/2025/03/27/KGRR/KGRR20250327_042433_V06', 's3://noaa-nexrad-level2/2025/03/27/KLOT/KLOT20250327_042656_V06', 's3://noaa-nexrad-level2/2025/03/27/KILN/KILN20250327_043040_V06']"
107768,F,B739,GLD UA /OV GLD180040/TM 0434/FL380/TP B739/TB OCNL MOD CHOP/RM ZDVWC-17,OCNL MOD CHOP,202503270400-KMSC-UBUS01-PIREP,38000.0,38.70049933327934,-101.69333,2025-03-27 04:34:00,3.0,M,"('KGLD', 'KDDC', 'KPUX', 'KFTG', 'KLNX')","['s3://noaa-nexrad-level2/2025/03/27/KGLD/KGLD20250327_042957_V06', 's3://noaa-nexrad-level2/2025/03/27/KDDC/KDDC20250327_043107_V06', 's3://noaa-nexrad-level2/2025/03/27/KPUX/KPUX20250327_042952_V06', 's3://noaa-nexrad-level2/2025/03/27/KFTG/KFTG20250327_042931_V06', 's3://noaa-nexrad-level2/2025/03/27/KLNX/KLNX20250327_043049_V06']"
107769,F,PA44,EYE UA /OV VHP /TM 0440 /FL045 /TP PA44 /SK SKC /TB NEG /RM SMOOTH,NEG,202503270400-KMSC-UBUS01-PIREP,4500.0,39.81,-86.37,2025-03-27 04:40:00,0.0,L,"('KIND', 'KIWX', 'KLVX', 'KVWX', 'KLOT')","['s3://noaa-nexrad-level2/2025/03/27/KIND/KIND20250327_043852_V06', 's3://noaa-nexrad-level2/2025/03/27/KIWX/KIWX20250327_043829_V06', 's3://noaa-nexrad-level2/2025/03/27/KLVX/KLVX20250327_043636_V06', 's3://noaa-nexrad-level2/2025/03/27/KVWX/KVWX20250327_043330_V06', 's3://noaa-nexrad-level2/2025/03/27/KLOT/KLOT20250327_043402_V06']"
107770,F,B737,KTN UA /OV ANN026040/TM 0441/FL390/TP B737/TB CONS LGT/RM ZAN,CONS LGT,202503270600-KMSC-UBUS01-PIREP,39000.0,55.63924456579315,-131.05993220166275,2025-03-27 04:41:00,1.0,M,"('PACG', 'KLGX', 'KATX', 'KRTX', 'KOTX')","['s3://noaa-nexrad-level2/2025/03/27/PACG/PACG20250327_043950_V06', 's3://noaa-nexrad-level2/2025/03/27/KLGX/KLGX20250327_043801_V06', 's3://noaa-nexrad-level2/2025/03/27/KATX/KATX20250327_043658_V06', 's3://noaa-nexrad-level2/2025/03/27/KRTX/KRTX20250327_043909_V06', 's3://noaa-nexrad-level2/2025/03/27/KOTX/KOTX20250327_044048_V06']"
107771,F,B763,HTS UA /OV HNN198018/TM 0443/FL320/TP B763/TB OCNL LGT CHOP,OCNL LGT CHOP,202503270400-KMSC-UBUS01-PIREP,32000.0,38.464659934415,-82.14887992317179,2025-03-27 04:43:00,1.0,H,"('KRLX', 'KJKL', 'KILN', 'KFCX', 'KMRX')","['s3://noaa-nexrad-level2/2025/03/27/KRLX/KRLX20250327_044137_V06', 's3://noaa-nexrad-level2/2025/03/27/KJKL/KJKL20250327_044024_V06', 's3://noaa-nexrad-level2/2025/03/27/KILN/KILN20250327_043953_V06', 's3://noaa-nexrad-level2/2025/03/27/KFCX/KFCX20250327_043953_V06', 's3://noaa-nexrad-level2/2025/03/27/KMRX/KMRX20250327_044040_V06']"
107772,F,B738,CVG UA /OV CVG27030/TM 0444/FL320/TP B738/TB CONS MOD CHOP,CONS MOD CHOP,202503270500-KMSC-UBUS01-PIREP,32000.0,39.04306,-84.67167,2025-03-27 04:44:00,3.0,M,"('KILN', 'KLVX', 'KIND', 'KJKL', 'KIWX')","['s3://noaa-nexrad-level2/2025/03/27/KILN/KILN20250327_043953_V06', 's3://noaa-nexrad-level2/2025/03/27/KLVX/KLVX20250327_044339_V06', 's3://noaa-nexrad-level2/2025/03/27/KIND/KIND20250327_043852_V06', 's3://noaa-nexrad-level2/2025/03/27/KJKL/KJKL20250327_044024_V06', 's3://noaa-nexrad-level2/2025/03/27/KIWX/KIWX20250327_043829_V06']"
107773,F,B763,HTS UA /OV HTS/TM 0446/FL270/TP B763/TB CONS LGT CHOP,CONS LGT CHOP,202503270500-KMSC-UBUS01-PIREP,27000.0,38.365,-82.555,2025-03-27 04:46:00,1.0,H,"('KRLX', 'KJKL', 'KILN', 'KMRX', 'KFCX')","['s3://noaa-nexrad-level2/2025/03/27/KRLX/KRLX20250327_044137_V06', 's3://noaa-nexrad-level2/2025/03/27/KJKL/KJKL20250327_044024_V06', 's3://noaa-nexrad-level2/2025/03/27/KILN/KILN20250327_044431_V06', 's3://noaa-nexrad-level2/2025/03/27/KMRX/KMRX20250327_044040_V06', 's3://noaa-nexrad-level2/2025/03/27/KFCX/KFCX20250327_043953_V06']"
107774,F,A321,AMG UA /OV AMG/TM 0447/FL320/TP A321/TB NEG,NEG,202503270500-KMSC-UBUS01-PIREP,32000.0,31.53606,-82.50656,2025-03-27 04:47:00,0.0,M,"('KVAX', 'KJAX', 'KJGX', 'KCLX', 'KTLH')","['s3://noaa-nexrad-level2/2025/03/27/KVAX/KVAX20250327_044436_V06', 's3://noaa-nexrad-level2/2025/03/27/KJAX/KJAX20250327_044514_V06', 's3://noaa-nexrad-level2/2025/03/27/KJGX/KJGX20250327_044413_V06', 's3://noaa-nexrad-level2/2025/03/27/KTLH/KTLH20250327_044037_V06']"
107775,F,B38M,ILM UA /OV ILM190200/TM 0448/FL360/TP B38M/TB CONS LGT CHOP,CONS LGT CHOP,202503270500-KMSC-UBUS01-PIREP,36000.0,30.987041591600097,-78.60048266850423,2025-03-27 04:48:00,1.0,U,"('KCLX', 'KLTX', 'KJAX', 'KMLB', 'KCAE')","['s3://noaa-nexrad-level2/2025/03/27/KLTX/KLTX20250327_044550_V06', 's3://noaa-nexrad-level2/2025/03/27/KJAX/KJAX20250327_044514_V06', 's3://noaa-nexrad-level2/2025/03/27/KMLB/KMLB20250327_044313_V06', 's3://noaa-nexrad-level2/2025/03/27/KCAE/KCAE20250327_044652_V06']"
107776,F,NMRS,SRQ UA /OV SRQ290020/TM 0448/FL390/TP NMRS/TB CONS LGT OCNL MOD,CONS LGT OCNL MOD,202503270500-KMSC-UBUS01-PIREP,39000.0,27.515405948994992,-82.91145383440161,2025-03-27 04:48:00,2.0,U,"('KTBW', 'KMLB', 'KAMX', 'KAMX', 'KBYX')","['s3://noaa-nexrad-level2/2025/03/27/KTBW/KTBW20250327_044144_V06', 's3://noaa-nexrad-level2/2025/03/27/KMLB/KMLB20250327_044313_V06', 's3://noaa-nexrad-level2/2025/03/27/KAMX/KAMX20250327_044737_V06', 's3://noaa-nexrad-level2/2025/03/27/KAMX/KAMX20250327_044737_V06', 's3://noaa-nexrad-level2/2025/03/27/KBYX/KBYX20250327_044745_V06']"
107777,F,B39M,OLM UA /OV OLM120015/TM 0449/FL200/TP B39M/TB MOD 200-190/RM HAWKZ...ZSE,MOD 200-190,202503270400-KMSC-UBUS01-PIREP,20000.0,46.848289874989874,-122.58597407171824,2025-03-27 04:49:00,3.0,U,"('KRTX', 'KATX', 'KLGX', 'KPDT', 'KMAX')","['s3://noaa-nexrad-level2/2025/03/27/KRTX/KRTX20250327_044815_V06', 's3://noaa-nexrad-level2/2025/03/27/KATX/KATX20250327_044309_V06', 's3://noaa-nexrad-level2/2025/03/27/KLGX/KLGX20250327_044427_V06', 's3://noaa-nexrad-level2/2025/03/27/KPDT/KPDT20250327_044409_V06', 's3://noaa-nexrad-level2/2025/03/27/KMAX/KMAX20250327_044750_V06']"
107778,F,B39M,UIL UA /OV TOU095015/TM 0453/FL310/TP B39M/SK TOP 310/TB LGT MOD BLO 310 LGT CHOP ABV/RM ZSE,LGT MOD BLO 310 LGT CHOP ABV,202503270500-KMSC-UBUS01-PIREP,31000.0,48.27820929940753,-124.25559007456124,2025-03-27 04:53:00,2.0,U,"('KLGX', 'KATX', 'KRTX', 'KPDT', 'KMAX')","['s3://noaa-nexrad-level2/2025/03/27/KLGX/KLGX20250327_045053_V06', 's3://noaa-nexrad-level2/2025/03/27/KATX/KATX20250327_045028_V06', 's3://noaa-nexrad-level2/2025/03/27/KRTX/KRTX20250327_045249_V06', 's3://noaa-nexrad-level2/2025/03/27/KPDT/KPDT20250327_045047_V06', 's3://noaa-nexrad-level2/2025/03/27/KMAX/KMAX20250327_044750_V06']"
107779,F,B763,CMH UA /OV EOP/TM 0458/FL115/TP B763/TB NEG/IC NEG,NEG,202503270500-KMSC-UBUS01-PIREP,11500.0,39.16,-82.92,2025-03-27 04:58:00,0.0,H,"('KILN', 'KRLX', 'KJKL', 'KCLE', 'KMRX')","['s3://noaa-nexrad-level2/2025/03/27/KILN/KILN20250327_045345_V06', 's3://noaa-nexrad-level2/2025/03/27/KRLX/KRLX20250327_045535_V06', 's3://noaa-nexrad-level2/2025/03/27/KJKL/KJKL20250327_045434_V06', 's3://noaa-nexrad-level2/2025/03/27/KCLE/KCLE20250327_045636_V06', 's3://noaa-nexrad-level2/2025/03/27/KMRX/KMRX20250327_045430_V06']"
107780,T,B737,MFR UUA /OV OED 160/038/TM 0510/FL110/TP B737/TB MOD-SEV TURB/RM RNAV RWY 32 MFR OVER ZUNAS DURD 110-070 MOD-SEV TURB LOSS OF ABOUT 300FT,MOD-SEV TURB,202503270500-KMSC-UBUS01-PIREP,11000.0,42.48,-122.91,2025-03-27 05:10:00,4.0,M,"('KMAX', 'KBHX', 'KRTX', 'KBBX', 'KDAX')","['s3://noaa-nexrad-level2/2025/03/27/KMAX/KMAX20250327_050822_V06', 's3://noaa-nexrad-level2/2025/03/27/KBHX/KBHX20250327_050935_V06', 's3://noaa-nexrad-level2/2025/03/27/KRTX/KRTX20250327_050940_V06', 's3://noaa-nexrad-level2/2025/03/27/KBBX/KBBX20250327_050935_V06', 's3://noaa-nexrad-level2/2025/03/27/KDAX/KDAX20250327_050407_V06']"
107781,T,B38M,MFR UUA /OV OED160030/TM 0512/FL120/TP B38M/TB MOD SEV 120-070/RM DURD...ZSE,MOD SEV 120-070,202503270500-KMSC-UBUS01-PIREP,12000.0,42.01011563201784,-122.67810727908798,2025-03-27 05:12:00,4.0,U,"('KMAX', 'KBHX', 'KBBX', 'KDAX', 'KRTX')","['s3://noaa-nexrad-level2/2025/03/27/KMAX/KMAX20250327_050822_V06', 's3://noaa-nexrad-level2/2025/03/27/KBHX/KBHX20250327_050935_V06', 's3://noaa-nexrad-level2/2025/03/27/KBBX/KBBX20250327_050935_V06', 's3://noaa-nexrad-level2/2025/03/27/KDAX/KDAX20250327_051107_V06', 's3://noaa-nexrad-level2/2025/03/27/KRTX/KRTX20250327_050940_V06']"
107782,F,B737,RDM UA /OV DSD/TM 0513/FL360/TP B737/TB MOD 360/RM 340 SMOOTH...ZSE,MOD 360,202503270500-KMSC-UBUS01-PIREP,36000.0,44.25,-121.3,2025-03-27 05:13:00,3.0,M,"('KRTX', 'KMAX', 'KPDT', 'KLGX', 'KATX')","['s3://noaa-nexrad-level2/2025/03/27/KRTX/KRTX20250327_050940_V06', 's3://noaa-nexrad-level2/2025/03/27/KMAX/KMAX20250327_050822_V06', 's3://noaa-nexrad-level2/2025/03/27/KPDT/KPDT20250327_051026_V06', 's3://noaa-nexrad-level2/2025/03/27/KLGX/KLGX20250327_051008_V06', 's3://noaa-nexrad-level2/2025/03/27/KATX/KATX20250327_050901_V06']"
107783,F,SW4,DLF UA /OV DLF315020/TM 0516/FL150/TP SW4/TA M04/TB LGT RIME/RM 20NW DLF LGHT RIME OAT MINUS 4 150 SW4 0516Z KZHU,LGT RIME,202503270500-KMSC-UBUS01-PIREP,15000.0,29.5952113522977,-101.04842891138966,2025-03-27 05:16:00,1.0,M,"('KDFX', 'KSJT', 'KMAF', 'KEWX', 'KDYX')","['s3://noaa-nexrad-level2/2025/03/27/KDFX/KDFX20250327_051244_V06', 's3://noaa-nexrad-level2/2025/03/27/KSJT/KSJT20250327_051321_V06', 's3://noaa-nexrad-level2/2025/03/27/KMAF/KMAF20250327_051514_V06', 's3://noaa-nexrad-level2/2025/03/27/KEWX/KEWX20250327_051047_V06', 's3://noaa-nexrad-level2/2025/03/27/KDYX/KDYX20250327_051219_V06']"
107784,F,B738,ORD UA /OV VYS/TM 0516/FL160/TP B738/TA 02/TB LGT-MOD CONS CHOP 220-160/IC LGT RIME 180-160,LGT-MOD CONS CHOP 220-160,202503270500-KMSC-UBUS01-PIREP,16000.0,41.35187,-89.15308,2025-03-27 05:16:00,2.0,M,"('KLOT', 'KILX', 'KDVN', 'KMKX', 'KLSX')","['s3://noaa-nexrad-level2/2025/03/27/KLOT/KLOT20250327_050935_V06', 's3://noaa-nexrad-level2/2025/03/27/KILX/KILX20250327_051055_V06', 's3://noaa-nexrad-level2/2025/03/27/KDVN/KDVN20250327_051436_V06', 's3://noaa-nexrad-level2/2025/03/27/KMKX/KMKX20250327_050914_V06', 's3://noaa-nexrad-level2/2025/03/27/KLSX/KLSX20250327_051144_V06']"
107785,F,CRJ9,SEA UA /OV SEA125005/TM 0518/FL340/TP CRJ9/TB LGT MOD BLO 340/RM DURD NB...ZSE,LGT MOD BLO 340,202503270500-KMSC-UBUS01-PIREP,34000.0,47.396888091992594,-122.2134265778611,2025-03-27 05:18:00,2.0,U,"('KATX', 'KRTX', 'KLGX', 'KPDT', 'KOTX')","['s3://noaa-nexrad-level2/2025/03/27/KATX/KATX20250327_051512_V06', 's3://noaa-nexrad-level2/2025/03/27/KRTX/KRTX20250327_051413_V06', 's3://noaa-nexrad-level2/2025/03/27/KLGX/KLGX20250327_051644_V06', 's3://noaa-nexrad-level2/2025/03/27/KPDT/KPDT20250327_051701_V06', 's3://noaa-nexrad-level2/2025/03/27/KOTX/KOTX20250327_051655_V06']"
107786,F,A21N,GJT UA /OV JNC193040/TM 0518/FL340/TP A21N/TB CONS LGT CHOP/RM MTW +/-7KT ZDVWC-,CONS LGT CHOP,202503270500-KMSC-UBUS01-PIREP,34000.0,38.41036734077373,-108.9831514771746,2025-03-27 05:18:00,1.0,U,"('KGJX', 'KABX', 'KICX', 'KFSX', 'KFSX')","['s3://noaa-nexrad-level2/2025/03/27/KGJX/KGJX20250327_051025_V06', 's3://noaa-nexrad-level2/2025/03/27/KABX/KABX20250327_051757_V06', 's3://noaa-nexrad-level2/2025/03/27/KICX/KICX20250327_051546_V06', 's3://noaa-nexrad-level2/2025/03/27/KFSX/KFSX20250327_051054_V06', 's3://noaa-nexrad-level2/2025/03/27/KFSX/KFSX20250327_051054_V06']"
107787,F,B737,LOZ UA /OV LOZ030040/TM 0518/FL320/TP B737/TB CONS LGT CHOP,CONS LGT CHOP,202503270500-KMSC-UBUS01-PIREP,32000.0,37.6643970346082,-83.65910899712529,2025-03-27 05:18:00,1.0,M,"('KJKL', 'KMRX', 'KILN', 'KRLX', 'KLVX')","['s3://noaa-nexrad-level2/2025/03/27/KJKL/KJKL20250327_051549_V06', 's3://noaa-nexrad-level2/2025/03/27/KMRX/KMRX20250327_051521_V06', 's3://noaa-nexrad-level2/2025/03/27/KILN/KILN20250327_051649_V06', 's3://noaa-nexrad-level2/2025/03/27/KRLX/KRLX20250327_051631_V06', 's3://noaa-nexrad-level2/2025/03/27/KLVX/KLVX20250327_051307_V06']"
107788,F,A21N,GJT UA /OV JNC193040/TM 0518/FL340/TP A21N/TB CONS LGT CHOP/RM MTW +/-7KT ZDVWC,CONS LGT CHOP,202503270535-KWBC-UBCO90-PIREP,34000.0,38.41036734077373,-108.9831514771746,2025-03-27 05:18:00,1.0,U,"('KGJX', 'KABX', 'KICX', 'KFSX', 'KFSX')","['s3://noaa-nexrad-level2/2025/03/27/KGJX/KGJX20250327_051025_V06', 's3://noaa-nexrad-level2/2025/03/27/KABX/KABX20250327_051757_V06', 's3://noaa-nexrad-level2/2025/03/27/KICX/KICX20250327_051546_V06', 's3://noaa-nexrad-level2/2025/03/27/KFSX/KFSX20250327_051054_V06', 's3://noaa-nexrad-level2/2025/03/27/KFSX/KFSX20250327_051054_V06']"
107789,F,B739,MBPV UA /OV PVN056196/TM 0520/FL340/TP B739/TB LGT CHOP OCNL MOD CHOP,LGT CHOP OCNL MOD CHOP,202503270600-KMSC-UBUS01-PIREP,34000.0,23.59684478059465,-69.34359355479384,2025-03-27 05:20:00,2.0,M,"('KAMX', 'KAMX', 'KMLB', 'KBYX', 'KMHX')","['s3://noaa-nexrad-level2/2025/03/27/KAMX/KAMX20250327_051757_V06', 's3://noaa-nexrad-level2/2025/03/27/KAMX/KAMX20250327_051757_V06', 's3://noaa-nexrad-level2/2025/03/27/KMLB/KMLB20250327_051830_V06', 's3://noaa-nexrad-level2/2025/03/27/KBYX/KBYX20250327_051526_V06', 's3://noaa-nexrad-level2/2025/03/27/KMHX/KMHX20250327_051853_V06']"
107790,F,BE9L,SIY UA /OV FJS030020/TM 0524/FL150/TP BE9L/TB CONS MOD CHOP 150-070/RM DURD...ZSE,CONS MOD CHOP 150-070,202503270500-KMSC-UBUS01-PIREP,15000.0,41.7386985173041,-122.58762151189217,2025-03-27 05:24:00,3.0,L,"('KMAX', 'KBHX', 'KBBX', 'KDAX', 'KRGX')","['s3://noaa-nexrad-level2/2025/03/27/KMAX/KMAX20250327_052118_V06', 's3://noaa-nexrad-level2/2025/03/27/KBHX/KBHX20250327_052035_V06', 's3://noaa-nexrad-level2/2025/03/27/KBBX/KBBX20250327_052330_V06', 's3://noaa-nexrad-level2/2025/03/27/KDAX/KDAX20250327_051808_V06', 's3://noaa-nexrad-level2/2025/03/27/KRGX/KRGX20250327_051827_V06']"
107791,F,E75L,SLC UA /OV TCH290021/TM 0524/FL150/TP E75L/TB MOD 150/ZLC,MOD 150,202503270500-KMSC-UBUS01-PIREP,15000.0,40.969716746444746,-112.4148339267921,2025-03-27 05:24:00,3.0,U,"('KMTX', 'KSFX', 'KICX', 'KLRX', 'KRIW')","['s3://noaa-nexrad-level2/2025/03/27/KMTX/KMTX20250327_052322_V06', 's3://noaa-nexrad-level2/2025/03/27/KSFX/KSFX20250327_052052_V06', 's3://noaa-nexrad-level2/2025/03/27/KICX/KICX20250327_052354_V06', 's3://noaa-nexrad-level2/2025/03/27/KLRX/KLRX20250327_052326_V06', 's3://noaa-nexrad-level2/2025/03/27/KRIW/KRIW20250327_052357_V06']"
107792,F,BE36,CMH UA /OV APE/TM 0526/FL070/TP BE36/TB NEG/IC NEG,NEG,202503270500-KMSC-UBUS01-PIREP,7000.0,40.15,-82.59,2025-03-27 05:26:00,0.0,L,"('KILN', 'KCLE', 'KRLX', 'KPBZ', 'KJKL')","['s3://noaa-nexrad-level2/2025/03/27/KILN/KILN20250327_052126_V06', 's3://noaa-nexrad-level2/2025/03/27/KCLE/KCLE20250327_052340_V06', 's3://noaa-nexrad-level2/2025/03/27/KRLX/KRLX20250327_052330_V06', 's3://noaa-nexrad-level2/2025/03/27/KPBZ/KPBZ20250327_052443_V06', 's3://noaa-nexrad-level2/2025/03/27/KJKL/KJKL20250327_052253_V06']"
107793,F,FA20,PTK UA /OV PTK/TM 0527/FL190/TP FA20/SK SKC/TB NEG/IC NEG/RM ZOB,NEG,202503270500-KMSC-UBUS01-PIREP,19000.0,42.6655,-83.42008,2025-03-27 05:27:00,0.0,M,"('KDTX', 'KCLE', 'KGRR', 'KAPX', 'KIWX')","['s3://noaa-nexrad-level2/2025/03/27/KDTX/KDTX20250327_052628_V06', 's3://noaa-nexrad-level2/2025/03/27/KCLE/KCLE20250327_052340_V06', 's3://noaa-nexrad-level2/2025/03/27/KGRR/KGRR20250327_052420_V06', 's3://noaa-nexrad-level2/2025/03/27/KAPX/KAPX20250327_052454_V06', 's3://noaa-nexrad-level2/2025/03/27/KIWX/KIWX20250327_052642_V06']"
107794,F,VL3,DGW UA /OV GUR/TM 0527/FL085/TP VL3/TB OCNL LGT CHOP/RM ZDVWC-34,OCNL LGT CHOP,202503270500-KMSC-UBUS01-PIREP,8500.0,42.2597,-104.7283,2025-03-27 05:27:00,1.0,U,"('KCYS', 'KFTG', 'KUDX', 'KRIW', 'KPUX')","['s3://noaa-nexrad-level2/2025/03/27/KCYS/KCYS20250327_052609_V06', 's3://noaa-nexrad-level2/2025/03/27/KFTG/KFTG20250327_052550_V06', 's3://noaa-nexrad-level2/2025/03/27/KUDX/KUDX20250327_052525_V06', 's3://noaa-nexrad-level2/2025/03/27/KRIW/KRIW20250327_052357_V06', 's3://noaa-nexrad-level2/2025/03/27/KPUX/KPUX20250327_052632_V06']"
107795,F,B738,LKV UA /OV LKV/TM 0529/FL380/TP B738/TB LGT OCNL MOD/RM ZSE,LGT OCNL MOD,202503270500-KMSC-UBUS01-PIREP,38000.0,42.16111,-120.39908,2025-03-27 05:29:00,2.0,M,"('KMAX', 'KRGX', 'KBBX', 'KPDT', 'KLRX')","['s3://noaa-nexrad-level2/2025/03/27/KMAX/KMAX20250327_052747_V06', 's3://noaa-nexrad-level2/2025/03/27/KRGX/KRGX20250327_052709_V06', 's3://noaa-nexrad-level2/2025/03/27/KBBX/KBBX20250327_052330_V06', 's3://noaa-nexrad-level2/2025/03/27/KPDT/KPDT20250327_052336_V06', 's3://noaa-nexrad-level2/2025/03/27/KLRX/KLRX20250327_052326_V06']"
107796,F,B737,JNU UA /OV JNU /TM 0530 /FL060 /TP B737 /TB LGT 110-060 /RM DURDRWY 08 (ATCT) (AKFSS),LGT 110-060,202503270500-KMSC-UBUS01-PIREP,6000.0,58.35,-134.57,2025-03-27 05:30:00,1.0,M,"('PACG', 'PAIH', 'PAIH', 'PAPD', 'KLGX')","['s3://noaa-nexrad-level2/2025/03/27/PACG/PACG20250327_052743_V06', 's3://noaa-nexrad-level2/2025/03/27/PAIH/PAIH20250327_052754_V06', 's3://noaa-nexrad-level2/2025/03/27/PAIH/PAIH20250327_052754_V06', 's3://noaa-nexrad-level2/2025/03/27/PAPD/PAPD20250327_052724_V06', 's3://noaa-nexrad-level2/2025/03/27/KLGX/KLGX20250327_052959_V06']"
107797,F,B737,JNU UA /OV JNU /TM 0530 /FL060 /TP B737 /TB LGT 110-060 /RM DURD RWY 08 (ATCT) (AKFSS,LGT 110-060,202503270545-KWBC-UBAK90-PIREP,6000.0,58.35,-134.57,2025-03-27 05:30:00,1.0,M,"('PACG', 'PAIH', 'PAIH', 'PAPD', 'KLGX')","['s3://noaa-nexrad-level2/2025/03/27/PACG/PACG20250327_052743_V06', 's3://noaa-nexrad-level2/2025/03/27/PAIH/PAIH20250327_052754_V06', 's3://noaa-nexrad-level2/2025/03/27/PAIH/PAIH20250327_052754_V06', 's3://noaa-nexrad-level2/2025/03/27/PAPD/PAPD20250327_052724_V06', 's3://noaa-nexrad-level2/2025/03/27/KLGX/KLGX20250327_052959_V06']"
107798,F,H,MSY UA /OV HRV360010/TM 0535/FL330/TP H/B748/TB MOD CHOP/RM 10N HRV H/B748 REPTD MOD CHO PFL330 0535Z KZHU,MOD CHOP,202503270500-KMSC-UBUS01-PIREP,33000.0,30.016680166680167,-90.0,2025-03-27 05:35:00,3.0,L,"('KLIX', 'KHDC', 'KMOB', 'KDGX', 'KPOE')","['s3://noaa-nexrad-level2/2025/03/27/KHDC/KHDC20250327_053242_V06', 's3://noaa-nexrad-level2/2025/03/27/KMOB/KMOB20250327_053026_V06', 's3://noaa-nexrad-level2/2025/03/27/KDGX/KDGX20250327_053327_V06', 's3://noaa-nexrad-level2/2025/03/27/KPOE/KPOE20250327_053202_V06']"
107799,F,A321,HII UA /OV PKE065020/TM 0538/FL3303/TP A321/TB LGT-MOD/RM ZAB/FDCS,LGT-MOD,202503270600-KMSC-UBUS01-PIREP,33000.0,34.240884164618045,-114.31513882578214,2025-03-27 05:38:00,2.0,M,"('KESX', 'KYUX', 'KIWA', 'KNKX', 'KFSX')","['s3://noaa-nexrad-level2/2025/03/27/KESX/KESX20250327_053411_V06', 's3://noaa-nexrad-level2/2025/03/27/KYUX/KYUX20250327_052947_V06', 's3://noaa-nexrad-level2/2025/03/27/KIWA/KIWA20250327_053417_V06', 's3://noaa-nexrad-level2/2025/03/27/KNKX/KNKX20250327_053519_V06', 's3://noaa-nexrad-level2/2025/03/27/KFSX/KFSX20250327_053714_V06']"
107800,F,MU2,SDF UA /OV IIU120015/TM 0540/FL200/TP MU2/WX CLEAR/TB NEG,NEG,202503270600-KMSC-UBUS01-PIREP,20000.0,37.97498987498987,-85.3048516307758,2025-03-27 05:40:00,0.0,L,"('KLVX', 'KIND', 'KJKL', 'KILN', 'KOHX')","['s3://noaa-nexrad-level2/2025/03/27/KLVX/KLVX20250327_053420_V06', 's3://noaa-nexrad-level2/2025/03/27/KIND/KIND20250327_053751_V06', 's3://noaa-nexrad-level2/2025/03/27/KJKL/KJKL20250327_053704_V06', 's3://noaa-nexrad-level2/2025/03/27/KILN/KILN20250327_053952_V06', 's3://noaa-nexrad-level2/2025/03/27/KOHX/KOHX20250327_053317_V06']"
107801,F,E75L,PHX UA /OV PXR320045/TM 0542/FL320/TP E75L/TB LGT-MOD/RM ZAB/FDCS,LGT-MOD,202503270600-KMSC-UBUS01-PIREP,32000.0,34.00457986958569,-112.54770565953709,2025-03-27 05:42:00,2.0,U,"('KIWA', 'KFSX', 'KFSX', 'KYUX', 'KEMX')","['s3://noaa-nexrad-level2/2025/03/27/KIWA/KIWA20250327_053417_V06', 's3://noaa-nexrad-level2/2025/03/27/KFSX/KFSX20250327_053714_V06', 's3://noaa-nexrad-level2/2025/03/27/KFSX/KFSX20250327_053714_V06', 's3://noaa-nexrad-level2/2025/03/27/KYUX/KYUX20250327_053827_V06', 's3://noaa-nexrad-level2/2025/03/27/KEMX/KEMX20250327_053755_V06']"
107802,F,A321,PHX UA /OV PXR300090/TM 0546/FL330/TP A321/TB OCNL LGT/RM ZAB/FDCS,OCNL LGT,202503270600-KMSC-UBUS01-PIREP,33000.0,34.18006075006075,-113.52668145910008,2025-03-27 05:46:00,1.0,M,"('KYUX', 'KESX', 'KIWA', 'KFSX', 'KFSX')","['s3://noaa-nexrad-level2/2025/03/27/KYUX/KYUX20250327_053827_V06', 's3://noaa-nexrad-level2/2025/03/27/KESX/KESX20250327_054121_V06', 's3://noaa-nexrad-level2/2025/03/27/KIWA/KIWA20250327_054304_V06', 's3://noaa-nexrad-level2/2025/03/27/KFSX/KFSX20250327_053714_V06', 's3://noaa-nexrad-level2/2025/03/27/KFSX/KFSX20250327_053714_V06']"
107803,F,A321,HII UA /OV PKE050015/TM 0554/FL350/TP A321/TB CONS LGT/RM ZAB/FDCS,CONS LGT,202503270600-KMSC-UBUS01-PIREP,35000.0,34.26070991888375,-114.44870450716309,2025-03-27 05:54:00,1.0,M,"('KESX', 'KYUX', 'KNKX', 'KIWA', 'KSOX')","['s3://noaa-nexrad-level2/2025/03/27/KESX/KESX20250327_054832_V06', 's3://noaa-nexrad-level2/2025/03/27/KYUX/KYUX20250327_054709_V06', 's3://noaa-nexrad-level2/2025/03/27/KNKX/KNKX20250327_054929_V06', 's3://noaa-nexrad-level2/2025/03/27/KIWA/KIWA20250327_055150_V06', 's3://noaa-nexrad-level2/2025/03/27/KSOX/KSOX20250327_054842_V06']"
107804,F,PAT4,OZW UA /OV OZW/TM 0600/FL080/TP PAT4/SK SKC/TB NEG/IC NEG/RM ZOB,NEG,202503270600-KMSC-UBUS01-PIREP,8000.0,42.62943,-83.98219,2025-03-27 06:00:00,0.0,L,"('KDTX', 'KGRR', 'KIWX', 'KAPX', 'KCLE')","['s3://noaa-nexrad-level2/2025/03/27/KDTX/KDTX20250327_055447_V06', 's3://noaa-nexrad-level2/2025/03/27/KGRR/KGRR20250327_055832_V06', 's3://noaa-nexrad-level2/2025/03/27/KIWX/KIWX20250327_055418_V06', 's3://noaa-nexrad-level2/2025/03/27/KAPX/KAPX20250327_055356_V06', 's3://noaa-nexrad-level2/2025/03/27/KCLE/KCLE20250327_055729_V06']"
107805,F,P212,ENA UA /OV ENA045030 /TM 0603 /FL045 /TP P212 /SK SKC /WX FV10SM/TA M02 /WV 36012KT /TB NEG /RM VIS GREATER THEN 10SM (AKFSS),NEG,202503270600-KMSC-UBUS01-PIREP,4500.0,60.92358202844655,-150.5204010615825,2025-03-27 06:03:00,0.0,U,"('PAHG', 'PAIH', 'PAIH', 'PAPD', 'PAKC')","['s3://noaa-nexrad-level2/2025/03/27/PAHG/PAHG20250327_060243_V06', 's3://noaa-nexrad-level2/2025/03/27/PAIH/PAIH20250327_055607_V06', 's3://noaa-nexrad-level2/2025/03/27/PAIH/PAIH20250327_055607_V06', 's3://noaa-nexrad-level2/2025/03/27/PAPD/PAPD20250327_060240_V06', 's3://noaa-nexrad-level2/2025/03/27/PAKC/PAKC20250327_060101_V06']"
107806,F,P212,ENA UA /OV ENA045030 /TM 0603 /FL045 /TP P212 /SK SKC /WX FV10SM /TA M02 /WV 36012KT /TB NEG /RM VIS GREATER THEN 10SM (AKFSS,NEG,202503270610-KWBC-UBUS31-PRCUS,4500.0,60.92358202844655,-150.5204010615825,2025-03-27 06:03:00,0.0,U,"('PAHG', 'PAIH', 'PAIH', 'PAPD', 'PAKC')","['s3://noaa-nexrad-level2/2025/03/27/PAHG/PAHG20250327_060243_V06', 's3://noaa-nexrad-level2/2025/03/27/PAIH/PAIH20250327_055607_V06', 's3://noaa-nexrad-level2/2025/03/27/PAIH/PAIH20250327_055607_V06', 's3://noaa-nexrad-level2/2025/03/27/PAPD/PAPD20250327_060240_V06', 's3://noaa-nexrad-level2/2025/03/27/PAKC/PAKC20250327_060101_V06']"
107807,F,B763,GLH UA /OV GLH360020/TM 0611/FL340/TP B763/TB CONS LGT OCNL MOD CHOP 340/RM ZME,CONS LGT OCNL MOD CHOP 340,202503270600-KMSC-UBUS01-PIREP,34000.0,33.816240333360334,-90.98561,2025-03-27 06:11:00,2.0,H,"('KLZK', 'KDGX', 'KNQA', 'KGWX', 'KSHV')","['s3://noaa-nexrad-level2/2025/03/27/KLZK/KLZK20250327_060337_V06', 's3://noaa-nexrad-level2/2025/03/27/KDGX/KDGX20250327_060746_V06', 's3://noaa-nexrad-level2/2025/03/27/KNQA/KNQA20250327_060310_V06', 's3://noaa-nexrad-level2/2025/03/27/KGWX/KGWX20250327_061058_V06', 's3://noaa-nexrad-level2/2025/03/27/KSHV/KSHV20250327_060313_V06']"
107808,F,A20N,PIE UA /OV PIE287063/TM 0613/FL370/TP A20N/TB CONS LGT CHOP,CONS LGT CHOP,202503270600-KMSC-UBUS01-PIREP,37000.0,28.217015156197228,-83.82380063748678,2025-03-27 06:13:00,1.0,U,"('KTBW', 'KTLH', 'KVAX', 'KJAX', 'KEVX')","['s3://noaa-nexrad-level2/2025/03/27/KTBW/KTBW20250327_060646_V06', 's3://noaa-nexrad-level2/2025/03/27/KTLH/KTLH20250327_061041_V06', 's3://noaa-nexrad-level2/2025/03/27/KVAX/KVAX20250327_061113_V06', 's3://noaa-nexrad-level2/2025/03/27/KJAX/KJAX20250327_061014_V06', 's3://noaa-nexrad-level2/2025/03/27/KEVX/KEVX20250327_061140_V06']"
107809,F,BE20,MSP UA /OV MSP110008/TM 0620/FL040/TP BE20/TB CONT LGT ONCL MOD 040-030/RM LANDING FCM,CONT LGT ONCL MOD 040-030,202503270600-KMSC-UBUS01-PIREP,4000.0,44.839763620402,-93.05445897427664,2025-03-27 06:20:00,2.0,M,"('KMPX', 'KARX', 'KDLH', 'KDMX', 'KFSD')","['s3://noaa-nexrad-level2/2025/03/27/KMPX/KMPX20250327_061628_V06', 's3://noaa-nexrad-level2/2025/03/27/KARX/KARX20250327_061840_V06', 's3://noaa-nexrad-level2/2025/03/27/KDLH/KDLH20250327_061830_V06', 's3://noaa-nexrad-level2/2025/03/27/KDMX/KDMX20250327_061844_V06', 's3://noaa-nexrad-level2/2025/03/27/KFSD/KFSD20250327_061759_V06']"
107810,F,C172,TKA UA /OV Z40-TKA /TM 0638 /FL022 /TP C172 /WV 36022KT /TB LGT CHOP /RM 22KT ON THE NOSE GOOSE BAY TO TKA (AKFSS,LGT CHOP,202503270650-KWBC-UBUS31-PRCUS,2200.0,61.855,-149.965,2025-03-27 06:38:00,1.0,L,"('PAHG', 'PAPD', 'PAIH', 'PAIH', 'PAKC')","['s3://noaa-nexrad-level2/2025/03/27/PAHG/PAHG20250327_063740_V06', 's3://noaa-nexrad-level2/2025/03/27/PAPD/PAPD20250327_063756_V06', 's3://noaa-nexrad-level2/2025/03/27/PAIH/PAIH20250327_063122_V06', 's3://noaa-nexrad-level2/2025/03/27/PAIH/PAIH20250327_063122_V06', 's3://noaa-nexrad-level2/2025/03/27/PAKC/PAKC20250327_063552_V06']"
107811,F,N738,OCF UA /OV OCF020010/TM 0644/FL270/TP N738/SK SKC/TB INTMT LGT CHOP,INTMT LGT CHOP,202503270700-KMSC-UBUS01-PIREP,27000.0,29.32026040266072,-82.15571705578252,2025-03-27 06:44:00,1.0,U,"('KJAX', 'KTBW', 'KVAX', 'KMLB', 'KTLH')","['s3://noaa-nexrad-level2/2025/03/27/KJAX/KJAX20250327_063811_V06', 's3://noaa-nexrad-level2/2025/03/27/KTBW/KTBW20250327_064213_V06', 's3://noaa-nexrad-level2/2025/03/27/KVAX/KVAX20250327_064015_V06', 's3://noaa-nexrad-level2/2025/03/27/KMLB/KMLB20250327_064315_V06', 's3://noaa-nexrad-level2/2025/03/27/KTLH/KTLH20250327_063826_V06']"
107812,F,B737,SIT UA /OV SIT /TM 0645 /FL060 /TP B737 /TB CONS LGT 100-060 /RMDURD RWY 11 (ATCT) (AKFSS),CONS LGT 100-060,202503270600-KMSC-UBUS01-PIREP,6000.0,57.04,-135.36,2025-03-27 06:45:00,1.0,M,"('PACG', 'PAIH', 'PAIH', 'PAPD', 'KLGX')","['s3://noaa-nexrad-level2/2025/03/27/PACG/PACG20250327_064329_V06', 's3://noaa-nexrad-level2/2025/03/27/PAIH/PAIH20250327_063825_V06', 's3://noaa-nexrad-level2/2025/03/27/PAIH/PAIH20250327_063825_V06', 's3://noaa-nexrad-level2/2025/03/27/PAPD/PAPD20250327_064458_V06', 's3://noaa-nexrad-level2/2025/03/27/KLGX/KLGX20250327_064128_V06']"
107813,F,B737,SIT UA /OV SIT /TM 0645 /FL060 /TP B737 /TB CONS LGT 100-060 /RM DURD RWY 11 (ATCT) (AKFSS,CONS LGT 100-060,202503270655-KWBC-UBUS31-PRCUS,6000.0,57.04,-135.36,2025-03-27 06:45:00,1.0,M,"('PACG', 'PAIH', 'PAIH', 'PAPD', 'KLGX')","['s3://noaa-nexrad-level2/2025/03/27/PACG/PACG20250327_064329_V06', 's3://noaa-nexrad-level2/2025/03/27/PAIH/PAIH20250327_063825_V06', 's3://noaa-nexrad-level2/2025/03/27/PAIH/PAIH20250327_063825_V06', 's3://noaa-nexrad-level2/2025/03/27/PAPD/PAPD20250327_064458_V06', 's3://noaa-nexrad-level2/2025/03/27/KLGX/KLGX20250327_064128_V06']"
107814,F,B739,ILM UA /OV ILM170190/TM 0647/FL340/TP B739/TB CONS LGT CHOP,CONS LGT CHOP,202503270700-KMSC-UBUS01-PIREP,34000.0,31.151189512020093,-77.234541464921,2025-03-27 06:47:00,1.0,M,"('KLTX', 'KMHX', 'KCLX', 'KJAX', 'KMLB')","['s3://noaa-nexrad-level2/2025/03/27/KLTX/KLTX20250327_064403_V06', 's3://noaa-nexrad-level2/2025/03/27/KMHX/KMHX20250327_064143_V06', 's3://noaa-nexrad-level2/2025/03/27/KJAX/KJAX20250327_064511_V06', 's3://noaa-nexrad-level2/2025/03/27/KMLB/KMLB20250327_064315_V06']"
107815,F,B738,SRQ UA /OV SRQ290190/TM 0648/FL330/TP B738/TB NEG,NEG,202503270700-KMSC-UBUS01-PIREP,33000.0,28.48454151545244,-85.91062642681528,2025-03-27 06:48:00,0.0,M,"('KEVX', 'KTLH', 'KEOX', 'KMOB', 'KTBW')","['s3://noaa-nexrad-level2/2025/03/27/KEVX/KEVX20250327_064639_V06', 's3://noaa-nexrad-level2/2025/03/27/KTLH/KTLH20250327_064524_V06', 's3://noaa-nexrad-level2/2025/03/27/KEOX/KEOX20250327_064658_V06', 's3://noaa-nexrad-level2/2025/03/27/KMOB/KMOB20250327_064017_V06', 's3://noaa-nexrad-level2/2025/03/27/KTBW/KTBW20250327_064213_V06']"
107816,F,B737,AMG UA /OV AMG/TM 0653/FL360/TP B737/TB LGT CHOP,LGT CHOP,202503270700-KMSC-UBUS01-PIREP,36000.0,31.53606,-82.50656,2025-03-27 06:53:00,1.0,M,"('KVAX', 'KJAX', 'KJGX', 'KCLX', 'KTLH')","['s3://noaa-nexrad-level2/2025/03/27/KVAX/KVAX20250327_064930_V06', 's3://noaa-nexrad-level2/2025/03/27/KJAX/KJAX20250327_065211_V06', 's3://noaa-nexrad-level2/2025/03/27/KJGX/KJGX20250327_065039_V06', 's3://noaa-nexrad-level2/2025/03/27/KTLH/KTLH20250327_065222_V06']"
107817,F,A321,SAV UA /OV SAV/TM 0653/FL370/TP A321/TB MOD CHOP,MOD CHOP,202503270700-KMSC-UBUS01-PIREP,37000.0,32.13136751,-81.20230227,2025-03-27 06:53:00,3.0,M,"('KCLX', 'KJAX', 'KCAE', 'KVAX', 'KJGX')","['s3://noaa-nexrad-level2/2025/03/27/KJAX/KJAX20250327_065211_V06', 's3://noaa-nexrad-level2/2025/03/27/KCAE/KCAE20250327_065104_V06', 's3://noaa-nexrad-level2/2025/03/27/KVAX/KVAX20250327_064930_V06', 's3://noaa-nexrad-level2/2025/03/27/KJGX/KJGX20250327_065039_V06']"
107818,F,B39M,ENV UA /OV LCU095049/TM 0700/FL350/TP B39M/TB MOD CHOP/ZLC,MOD CHOP,202503270700-KMSC-UBUS01-PIREP,35000.0,41.28881704473126,-112.7559943558157,2025-03-27 07:00:00,3.0,U,"('KMTX', 'KSFX', 'KICX', 'KLRX', 'KCBX')","['s3://noaa-nexrad-level2/2025/03/27/KMTX/KMTX20250327_065848_V06', 's3://noaa-nexrad-level2/2025/03/27/KSFX/KSFX20250327_065931_V06', 's3://noaa-nexrad-level2/2025/03/27/KICX/KICX20250327_065725_V06', 's3://noaa-nexrad-level2/2025/03/27/KLRX/KLRX20250327_065454_V06', 's3://noaa-nexrad-level2/2025/03/27/KCBX/KCBX20250327_065630_V06']"
107819,F,B738,BOI UA /OV BOI157019/TM 0702/FL380/TP B738/TB MOD/ZLC,MOD,202503270700-KMSC-UBUS01-PIREP,38000.0,43.27515318543363,-116.06978139960448,2025-03-27 07:02:00,3.0,M,"('KCBX', 'KLRX', 'KSFX', 'KPDT', 'KMTX')","['s3://noaa-nexrad-level2/2025/03/27/KCBX/KCBX20250327_070112_V06', 's3://noaa-nexrad-level2/2025/03/27/KLRX/KLRX20250327_070151_V06', 's3://noaa-nexrad-level2/2025/03/27/KSFX/KSFX20250327_065931_V06', 's3://noaa-nexrad-level2/2025/03/27/KPDT/KPDT20250327_065737_V06', 's3://noaa-nexrad-level2/2025/03/27/KMTX/KMTX20250327_065848_V06']"
107820,F,B752,INL UA /OV INL/TM 0704/FL360/TP B752/TB NEG,NEG,202503270700-KMSC-UBUS01-PIREP,36000.0,48.55946773,-93.3955519,2025-03-27 07:04:00,0.0,M,"('KDLH', 'KMPX', 'KMVX', 'KARX', 'KABR')","['s3://noaa-nexrad-level2/2025/03/27/KDLH/KDLH20250327_065956_V06', 's3://noaa-nexrad-level2/2025/03/27/KMPX/KMPX20250327_070251_V06', 's3://noaa-nexrad-level2/2025/03/27/KMVX/KMVX20250327_065640_V06', 's3://noaa-nexrad-level2/2025/03/27/KARX/KARX20250327_070148_V06', 's3://noaa-nexrad-level2/2025/03/27/KABR/KABR20250327_065758_V06']"
107821,F,B789,ABR UA /OV ABR/TM 0705/FL370/TP B789/TB NEG,NEG,202503270700-KMSC-UBUS01-PIREP,37000.0,45.45,-98.42,2025-03-27 07:05:00,0.0,U,"('KABR', 'KMVX', 'KFSD', 'KBIS', 'KMBX')","['s3://noaa-nexrad-level2/2025/03/27/KABR/KABR20250327_065758_V06', 's3://noaa-nexrad-level2/2025/03/27/KMVX/KMVX20250327_065640_V06', 's3://noaa-nexrad-level2/2025/03/27/KFSD/KFSD20250327_070352_V06', 's3://noaa-nexrad-level2/2025/03/27/KBIS/KBIS20250327_065846_V06', 's3://noaa-nexrad-level2/2025/03/27/KMBX/KMBX20250327_065701_V06']"
107822,F,B73M,MCK UA /OV MCK110035/TM 0716/FL370/TP B73M/TB NEG/RM SMOOTH ZDVWC-,NEG,202503270700-KMSC-UBUS01-PIREP,37000.0,40.00675208925876,-99.87428468091152,2025-03-27 07:16:00,0.0,U,"('KUEX', 'KGLD', 'KLNX', 'KDDC', 'KICT')","['s3://noaa-nexrad-level2/2025/03/27/KUEX/KUEX20250327_071400_V06', 's3://noaa-nexrad-level2/2025/03/27/KGLD/KGLD20250327_071057_V06', 's3://noaa-nexrad-level2/2025/03/27/KLNX/KLNX20250327_071318_V06', 's3://noaa-nexrad-level2/2025/03/27/KDDC/KDDC20250327_070836_V06', 's3://noaa-nexrad-level2/2025/03/27/KICT/KICT20250327_071526_V06']"
107823,F,B73M,MCK UA /OV MCK110035/TM 0716/FL370/TP B73M/TB NEG/RM SMOOTH ZDVWC,NEG,202503270745-KWBC-UBNE90-PIREP,37000.0,40.00675208925876,-99.87428468091152,2025-03-27 07:16:00,0.0,U,"('KUEX', 'KGLD', 'KLNX', 'KDDC', 'KICT')","['s3://noaa-nexrad-level2/2025/03/27/KUEX/KUEX20250327_071400_V06', 's3://noaa-nexrad-level2/2025/03/27/KGLD/KGLD20250327_071057_V06', 's3://noaa-nexrad-level2/2025/03/27/KLNX/KLNX20250327_071318_V06', 's3://noaa-nexrad-level2/2025/03/27/KDDC/KDDC20250327_070836_V06', 's3://noaa-nexrad-level2/2025/03/27/KICT/KICT20250327_071526_V06']"
107824,F,A306,SDF UA /OV IIU234026/TM 0724/FL150/TP A306/TB NEG/IC NEG/RM TOPS 155 DURC,NEG,202503270700-KMSC-UBUS01-PIREP,15000.0,37.845272426056944,-86.02552906864771,2025-03-27 07:24:00,0.0,H,"('KLVX', 'KHPX', 'KOHX', 'KVWX', 'KIND')","['s3://noaa-nexrad-level2/2025/03/27/KLVX/KLVX20250327_071846_V06', 's3://noaa-nexrad-level2/2025/03/27/KHPX/KHPX20250327_072216_V06', 's3://noaa-nexrad-level2/2025/03/27/KOHX/KOHX20250327_071656_V06', 's3://noaa-nexrad-level2/2025/03/27/KVWX/KVWX20250327_072152_V06', 's3://noaa-nexrad-level2/2025/03/27/KIND/KIND20250327_072341_V06']"
107825,F,B739,DLS UA /OV LTJ314041/TM 0729/FL280/TP B739/SK TOP 280/TB OCNL LGT MOD CHOP/RM ZSE,OCNL LGT MOD CHOP,202503270700-KMSC-UBUS01-PIREP,28000.0,46.1847216691929,-121.80398892096646,2025-03-27 07:29:00,2.0,M,"('KRTX', 'KATX', 'KLGX', 'KPDT', 'KMAX')","['s3://noaa-nexrad-level2/2025/03/27/KRTX/KRTX20250327_072510_V06', 's3://noaa-nexrad-level2/2025/03/27/KATX/KATX20250327_072336_V06', 's3://noaa-nexrad-level2/2025/03/27/KLGX/KLGX20250327_072743_V06', 's3://noaa-nexrad-level2/2025/03/27/KPDT/KPDT20250327_072356_V06', 's3://noaa-nexrad-level2/2025/03/27/KMAX/KMAX20250327_072414_V06']"
107826,F,B737,WMC UA /OV BAM226058/TM 0737/FL380/TP B737/TB MOD 380-390/ZLC,MOD 380-390,202503270700-KMSC-UBUS01-PIREP,38000.0,39.9274425167515,-117.79018832864504,2025-03-27 07:37:00,3.0,M,"('KLRX', 'KRGX', 'KBBX', 'KCBX', 'KHNX')","['s3://noaa-nexrad-level2/2025/03/27/KLRX/KLRX20250327_073007_V06', 's3://noaa-nexrad-level2/2025/03/27/KRGX/KRGX20250327_072913_V06', 's3://noaa-nexrad-level2/2025/03/27/KBBX/KBBX20250327_073326_V06', 's3://noaa-nexrad-level2/2025/03/27/KCBX/KCBX20250327_073410_V06', 's3://noaa-nexrad-level2/2025/03/27/KHNX/KHNX20250327_073053_V06']"
107827,F,B752,ENV UA /OV BVL312014/TM 0744/FL370/TP B752/TB OCNL MOD/ZLC,OCNL MOD,202503270700-KMSC-UBUS01-PIREP,37000.0,40.88614312139817,-113.9888415857462,2025-03-27 07:44:00,3.0,M,"('KMTX', 'KSFX', 'KLRX', 'KCBX', 'KICX')","['s3://noaa-nexrad-level2/2025/03/27/KMTX/KMTX20250327_073940_V06', 's3://noaa-nexrad-level2/2025/03/27/KSFX/KSFX20250327_074147_V06', 's3://noaa-nexrad-level2/2025/03/27/KLRX/KLRX20250327_073711_V06', 's3://noaa-nexrad-level2/2025/03/27/KCBX/KCBX20250327_074336_V06', 's3://noaa-nexrad-level2/2025/03/27/KICX/KICX20250327_074209_V06']"
107828,F,B739,SEA UA /OV EAT260070/TM 0756/FL190/TP B739/TB CONS MOD CHOP/RM DURC OUT OF KSEA...ZSE,CONS MOD CHOP,202503270805-KWBC-UBWA90-PIREP,19000.0,47.196394049619386,-121.90452463662612,2025-03-27 07:56:00,3.0,M,"('KATX', 'KRTX', 'KLGX', 'KPDT', 'KOTX')","['s3://noaa-nexrad-level2/2025/03/27/KATX/KATX20250327_075243_V06', 's3://noaa-nexrad-level2/2025/03/27/KRTX/KRTX20250327_075232_V06', 's3://noaa-nexrad-level2/2025/03/27/KLGX/KLGX20250327_075429_V06', 's3://noaa-nexrad-level2/2025/03/27/KPDT/KPDT20250327_075014_V06', 's3://noaa-nexrad-level2/2025/03/27/KOTX/KOTX20250327_075422_V06']"
107829,F,B38M,TCL UA /OV LDK/TM 0757/FL390/TP B38M/TB LGT CONS CHOP 390-330/RM ZTLFD-03,LGT CONS CHOP 390-330,202503270800-KMSC-UBUS01-PIREP,39000.0,33.26,-87.54,2025-03-27 07:57:00,1.0,U,"('KBMX', 'KGWX', 'KMXX', 'KHTX', 'KDGX')","['s3://noaa-nexrad-level2/2025/03/27/KBMX/KBMX20250327_074955_V06', 's3://noaa-nexrad-level2/2025/03/27/KGWX/KGWX20250327_075018_V06', 's3://noaa-nexrad-level2/2025/03/27/KMXX/KMXX20250327_075128_V06', 's3://noaa-nexrad-level2/2025/03/27/KHTX/KHTX20250327_075038_V06', 's3://noaa-nexrad-level2/2025/03/27/KDGX/KDGX20250327_075042_V06']"
107830,F,A320,TLH UA /OV SZW251022/TM 0757/FL370/TP A320/TB LGT CHOP,LGT CHOP,202503270800-KMSC-UBUS01-PIREP,37000.0,30.44061534064852,-84.77264702784106,2025-03-27 07:57:00,1.0,M,"('KTLH', 'KEVX', 'KEOX', 'KVAX', 'KMXX')","['s3://noaa-nexrad-level2/2025/03/27/KTLH/KTLH20250327_075500_V06', 's3://noaa-nexrad-level2/2025/03/27/KEVX/KEVX20250327_074904_V06', 's3://noaa-nexrad-level2/2025/03/27/KEOX/KEOX20250327_075057_V06', 's3://noaa-nexrad-level2/2025/03/27/KVAX/KVAX20250327_075417_V06', 's3://noaa-nexrad-level2/2025/03/27/KMXX/KMXX20250327_075128_V06']"
107831,F,B738,GWO UA /OV SQS360050/TM 0759/FL330/TP B738/TB CONS LGT-MOD CHOP 330/RM ZME,CONS LGT-MOD CHOP 330,202503270805-KWBC-UBMS90-PIREP,33000.0,34.29340083340083,-90.28,2025-03-27 07:59:00,2.0,M,"('KNQA', 'KGWX', 'KDGX', 'KLZK', 'KPAH')","['s3://noaa-nexrad-level2/2025/03/27/KNQA/KNQA20250327_075520_V06', 's3://noaa-nexrad-level2/2025/03/27/KGWX/KGWX20250327_075839_V06', 's3://noaa-nexrad-level2/2025/03/27/KDGX/KDGX20250327_075042_V06', 's3://noaa-nexrad-level2/2025/03/27/KLZK/KLZK20250327_075501_V06', 's3://noaa-nexrad-level2/2025/03/27/KPAH/KPAH20250327_075508_V06']"
107832,F,B738,TLH UA /OV SZW321045/TM 0806/FL310/TP B738/TB OCNL CONS LGT-MOD CHOP,OCNL CONS LGT-MOD CHOP,202503270800-KMSC-UBUS01-PIREP,31000.0,31.142906682757097,-84.91817101622067,2025-03-27 08:06:00,2.0,M,"('KEOX', 'KTLH', 'KEVX', 'KMXX', 'KVAX')","['s3://noaa-nexrad-level2/2025/03/27/KEOX/KEOX20250327_080507_V06', 's3://noaa-nexrad-level2/2025/03/27/KTLH/KTLH20250327_080157_V06', 's3://noaa-nexrad-level2/2025/03/27/KEVX/KEVX20250327_075750_V06', 's3://noaa-nexrad-level2/2025/03/27/KMXX/KMXX20250327_080535_V06', 's3://noaa-nexrad-level2/2025/03/27/KVAX/KVAX20250327_080330_V06']"
107833,F,A321,IAH UA /OV DAS045020/TM 0812/FL330/TP A321/TB MOD CHOP/RM 20NE OF DAS A321 RPTD MOD CHOP FL330 AT 0812Z KZHU,MOD CHOP,202503270800-KMSC-UBUS01-PIREP,33000.0,30.4257213522977,-94.37728880551302,2025-03-27 08:12:00,3.0,M,"('KHGX', 'KLCH', 'KPOE', 'KSHV', 'KGRK')","['s3://noaa-nexrad-level2/2025/03/27/KHGX/KHGX20250327_080632_V06', 's3://noaa-nexrad-level2/2025/03/27/KLCH/KLCH20250327_080910_V06', 's3://noaa-nexrad-level2/2025/03/27/KPOE/KPOE20250327_081045_V06', 's3://noaa-nexrad-level2/2025/03/27/KSHV/KSHV20250327_081123_V06', 's3://noaa-nexrad-level2/2025/03/27/KGRK/KGRK20250327_080934_V06']"
107834,F,B733,EVV UA /OV JQD/TM 0815/FL190/TP B733/TB NEG,NEG,202503270900-KMSC-UBUS01-PIREP,19000.0,37.45,-86.84,2025-03-27 08:15:00,0.0,M,"('KHPX', 'KLVX', 'KVWX', 'KOHX', 'KPAH')","['s3://noaa-nexrad-level2/2025/03/27/KHPX/KHPX20250327_081410_V06', 's3://noaa-nexrad-level2/2025/03/27/KLVX/KLVX20250327_081117_V06', 's3://noaa-nexrad-level2/2025/03/27/KVWX/KVWX20250327_081027_V06', 's3://noaa-nexrad-level2/2025/03/27/KOHX/KOHX20250327_081134_V06', 's3://noaa-nexrad-level2/2025/03/27/KPAH/KPAH20250327_081453_V06']"
107835,F,B767,JXN UA /OV JXN200020/TM 0848/FL170/TP B767/TB MOD CHOP/RM QUICK JOLT THEN GONE ZOB,MOD CHOP,202503270800-KMSC-UBUS01-PIREP,17000.0,41.94653375467857,-84.61345411601572,2025-03-27 08:48:00,3.0,H,"('KIWX', 'KGRR', 'KDTX', 'KILN', 'KIND')","['s3://noaa-nexrad-level2/2025/03/27/KIWX/KIWX20250327_084650_V06', 's3://noaa-nexrad-level2/2025/03/27/KGRR/KGRR20250327_084014_V06', 's3://noaa-nexrad-level2/2025/03/27/KDTX/KDTX20250327_084306_V06', 's3://noaa-nexrad-level2/2025/03/27/KILN/KILN20250327_084531_V06', 's3://noaa-nexrad-level2/2025/03/27/KIND/KIND20250327_084636_V06']"
107836,F,MULTI,DTW UA /OV DXO250075/TM 0903/FL180/TP MULTI/TB MOD CHOP /RM NMRS A/C MOD CHOP BTWN ALT170-FL200 ON DTW STAR ZOB,MOD CHOP,202503270900-KMSC-UBUS01-PIREP,18000.0,41.782440191268776,-84.95597406002756,2025-03-27 09:03:00,3.0,U,"('KIWX', 'KGRR', 'KDTX', 'KIND', 'KILN')","['s3://noaa-nexrad-level2/2025/03/27/KIWX/KIWX20250327_090037_V06', 's3://noaa-nexrad-level2/2025/03/27/KGRR/KGRR20250327_085727_V06', 's3://noaa-nexrad-level2/2025/03/27/KDTX/KDTX20250327_090236_V06', 's3://noaa-nexrad-level2/2025/03/27/KIND/KIND20250327_090023_V06', 's3://noaa-nexrad-level2/2025/03/27/KILN/KILN20250327_085922_V06']"
107837,F,A21N,ORD UA /OV ORD320030/TM 0903/FL110/TP A21N/SK BKN095-TOPUNKN/TA M10/TB MOD MIX,MOD MIX,202503270900-KMSC-UBUS01-PIREP,11000.0,42.37059324639046,-88.36435839046145,2025-03-27 09:03:00,3.0,U,"('KMKX', 'KLOT', 'KGRB', 'KDVN', 'KILX')","['s3://noaa-nexrad-level2/2025/03/27/KMKX/KMKX20250327_085917_V06', 's3://noaa-nexrad-level2/2025/03/27/KLOT/KLOT20250327_085654_V06', 's3://noaa-nexrad-level2/2025/03/27/KGRB/KGRB20250327_085658_V06', 's3://noaa-nexrad-level2/2025/03/27/KDVN/KDVN20250327_090201_V06', 's3://noaa-nexrad-level2/2025/03/27/KILX/KILX20250327_090043_V06']"
107838,F,A21N,JAN UA /OV MHZ315040/TM 0905/FL290/TP A21N/TB CONS MOD CHOP 290/RM ZME,CONS MOD CHOP 290,202503270900-KMSC-UBUS01-PIREP,29000.0,32.9014427045954,-90.65855013299914,2025-03-27 09:05:00,3.0,U,"('KDGX', 'KHDC', 'KLZK', 'KGWX', 'KNQA')","['s3://noaa-nexrad-level2/2025/03/27/KDGX/KDGX20250327_090035_V06', 's3://noaa-nexrad-level2/2025/03/27/KHDC/KHDC20250327_090422_V06', 's3://noaa-nexrad-level2/2025/03/27/KLZK/KLZK20250327_085824_V06', 's3://noaa-nexrad-level2/2025/03/27/KGWX/KGWX20250327_090238_V06', 's3://noaa-nexrad-level2/2025/03/27/KNQA/KNQA20250327_090423_V06']"
107839,F,B757,JAX UA /OV VQQ/TM 0916/FL350/TP B757/TB LGT CHOP,LGT CHOP,202503270900-KMSC-UBUS01-PIREP,35000.0,30.2186892,-81.8767178,2025-03-27 09:16:00,1.0,M,"('KJAX', 'KVAX', 'KMLB', 'KTLH', 'KTBW')","['s3://noaa-nexrad-level2/2025/03/27/KJAX/KJAX20250327_091202_V06', 's3://noaa-nexrad-level2/2025/03/27/KVAX/KVAX20250327_091250_V06', 's3://noaa-nexrad-level2/2025/03/27/KMLB/KMLB20250327_091244_V06', 's3://noaa-nexrad-level2/2025/03/27/KTLH/KTLH20250327_091133_V06', 's3://noaa-nexrad-level2/2025/03/27/KTBW/KTBW20250327_091106_V06']"
107840,F,B737,ANW UA /OV ANW239022/TM 0921/FL390/TP B737/TB LGT OCNL MOD CAT/RM ZDVWC-,LGT OCNL MOD CAT,202503270900-KMSC-UBUS01-PIREP,39000.0,42.3903674092202,-100.41983680914008,2025-03-27 09:21:00,2.0,M,"('KLNX', 'KUEX', 'KUDX', 'KGLD', 'KABR')","['s3://noaa-nexrad-level2/2025/03/27/KLNX/KLNX20250327_091437_V06', 's3://noaa-nexrad-level2/2025/03/27/KUEX/KUEX20250327_092025_V06', 's3://noaa-nexrad-level2/2025/03/27/KUDX/KUDX20250327_092013_V06', 's3://noaa-nexrad-level2/2025/03/27/KGLD/KGLD20250327_091702_V06', 's3://noaa-nexrad-level2/2025/03/27/KABR/KABR20250327_092023_V06']"
107841,F,B737,ANW UA /OV ANW239022/TM 0921/FL390/TP B737/TB LGT OCNL MOD CAT/RM ZDVWC,LGT OCNL MOD CAT,202503270935-KWBC-UBNE90-PIREP,39000.0,42.3903674092202,-100.41983680914008,2025-03-27 09:21:00,2.0,M,"('KLNX', 'KUEX', 'KUDX', 'KGLD', 'KABR')","['s3://noaa-nexrad-level2/2025/03/27/KLNX/KLNX20250327_091437_V06', 's3://noaa-nexrad-level2/2025/03/27/KUEX/KUEX20250327_092025_V06', 's3://noaa-nexrad-level2/2025/03/27/KUDX/KUDX20250327_092013_V06', 's3://noaa-nexrad-level2/2025/03/27/KGLD/KGLD20250327_091702_V06', 's3://noaa-nexrad-level2/2025/03/27/KABR/KABR20250327_092023_V06']"
107842,F,B767,SDF UA /OV MYS/TM 0936/FL165/TP B767/TB NEG,NEG,202503270900-KMSC-UBUS01-PIREP,16500.0,37.89,-86.24,2025-03-27 09:36:00,0.0,H,"('KLVX', 'KVWX', 'KHPX', 'KOHX', 'KIND')","['s3://noaa-nexrad-level2/2025/03/27/KLVX/KLVX20250327_093200_V06', 's3://noaa-nexrad-level2/2025/03/27/KVWX/KVWX20250327_093551_V06', 's3://noaa-nexrad-level2/2025/03/27/KHPX/KHPX20250327_093453_V06', 's3://noaa-nexrad-level2/2025/03/27/KOHX/KOHX20250327_093132_V06', 's3://noaa-nexrad-level2/2025/03/27/KIND/KIND20250327_093526_V06']"
107843,F,E170,SDF UA /OV IIU/TM 0946/FL250/TP E170/TB NEG/IC NEG,NEG,202503270900-KMSC-UBUS01-PIREP,25000.0,38.1,-85.58,2025-03-27 09:46:00,0.0,U,"('KLVX', 'KIND', 'KOHX', 'KVWX', 'KHPX')","['s3://noaa-nexrad-level2/2025/03/27/KLVX/KLVX20250327_094508_V06', 's3://noaa-nexrad-level2/2025/03/27/KIND/KIND20250327_094237_V06', 's3://noaa-nexrad-level2/2025/03/27/KOHX/KOHX20250327_094306_V06', 's3://noaa-nexrad-level2/2025/03/27/KVWX/KVWX20250327_094158_V06', 's3://noaa-nexrad-level2/2025/03/27/KHPX/KHPX20250327_094512_V06']"
107844,F,E170,ALB UA /OV CAM/TM 0946/FL360/TP E170/TB NEG/RM DURC WESTBOUND SFC-060,NEG,202503270900-KMSC-UBUS01-PIREP,36000.0,42.99,-73.34,2025-03-27 09:46:00,0.0,U,"('KENX', 'KCXX', 'KOKX', 'KBOX', 'KTYX')","['s3://noaa-nexrad-level2/2025/03/27/KENX/KENX20250327_094151_V06', 's3://noaa-nexrad-level2/2025/03/27/KCXX/KCXX20250327_094339_V06', 's3://noaa-nexrad-level2/2025/03/27/KOKX/KOKX20250327_093818_V06', 's3://noaa-nexrad-level2/2025/03/27/KBOX/KBOX20250327_094044_V06', 's3://noaa-nexrad-level2/2025/03/27/KTYX/KTYX20250327_093920_V06']"
107845,F,SW4,BWG UA /OV BWG020030/TM 0949/FL100/TP SW4/TB LGT CHOP/IC NEG,LGT CHOP,202503271000-KMSC-UBUS01-PIREP,10000.0,37.43441436798216,-86.20562465842943,2025-03-27 09:49:00,1.0,M,"('KLVX', 'KOHX', 'KHPX', 'KVWX', 'KIND')","['s3://noaa-nexrad-level2/2025/03/27/KLVX/KLVX20250327_094508_V06', 's3://noaa-nexrad-level2/2025/03/27/KOHX/KOHX20250327_094853_V06', 's3://noaa-nexrad-level2/2025/03/27/KHPX/KHPX20250327_094512_V06', 's3://noaa-nexrad-level2/2025/03/27/KVWX/KVWX20250327_094757_V06', 's3://noaa-nexrad-level2/2025/03/27/KIND/KIND20250327_094237_V06']"
107846,F,B77L,PASY UA /OV 5827N17653W/TM 0950/FL360/TP B77L/TB OCNL LGT CHOP/RM ZAN,OCNL LGT CHOP,202503270900-KMSC-UBUS01-PIREP,36000.0,58.45,-176.8833,2025-03-27 09:50:00,1.0,U,"('PAEC', 'PABC', 'PAKC', 'PAHG', 'PAPD')","['s3://noaa-nexrad-level2/2025/03/27/PAEC/PAEC20250327_094530_V06', 's3://noaa-nexrad-level2/2025/03/27/PAKC/PAKC20250327_094450_V06', 's3://noaa-nexrad-level2/2025/03/27/PAHG/PAHG20250327_094539_V06', 's3://noaa-nexrad-level2/2025/03/27/PAPD/PAPD20250327_094933_V06']"
107847,F,A21N,MGM UA /OV MGM270020/TM 0955/FL310/TP A21N/TB MOD/RM ZTLFD 09,MOD,202503271000-KMSC-UBUS01-PIREP,31000.0,32.30064,-86.788359849751,2025-03-27 09:55:00,3.0,U,"('KBMX', 'KMXX', 'KEOX', 'KEVX', 'KMOB')","['s3://noaa-nexrad-level2/2025/03/27/KBMX/KBMX20250327_094948_V06', 's3://noaa-nexrad-level2/2025/03/27/KMXX/KMXX20250327_095119_V06', 's3://noaa-nexrad-level2/2025/03/27/KEOX/KEOX20250327_095128_V06', 's3://noaa-nexrad-level2/2025/03/27/KEVX/KEVX20250327_095303_V06', 's3://noaa-nexrad-level2/2025/03/27/KMOB/KMOB20250327_095327_V06']"
107848,F,A306,EVV UA /OV MYS220020/TM 1001/FL190/TP A306/TB NEG/IC NEG,NEG,202503271000-KMSC-UBUS01-PIREP,19000.0,37.63463116907303,-86.51151831970046,2025-03-27 10:01:00,0.0,H,"('KLVX', 'KHPX', 'KVWX', 'KOHX', 'KIND')","['s3://noaa-nexrad-level2/2025/03/27/KLVX/KLVX20250327_095828_V06', 's3://noaa-nexrad-level2/2025/03/27/KHPX/KHPX20250327_095631_V06', 's3://noaa-nexrad-level2/2025/03/27/KVWX/KVWX20250327_095951_V06', 's3://noaa-nexrad-level2/2025/03/27/KOHX/KOHX20250327_095958_V06', 's3://noaa-nexrad-level2/2025/03/27/KIND/KIND20250327_095652_V06']"
107849,F,A21N,MGM UA /OV MGM160020/TM 1001/FL290/TP A21N/TB OCNL LGT CHOP/RM ZTLFD 09,OCNL LGT CHOP,202503271000-KMSC-UBUS01-PIREP,29000.0,31.987383754678564,-86.25908072706197,2025-03-27 10:01:00,1.0,U,"('KMXX', 'KEOX', 'KBMX', 'KEVX', 'KFFC')","['s3://noaa-nexrad-level2/2025/03/27/KMXX/KMXX20250327_095823_V06', 's3://noaa-nexrad-level2/2025/03/27/KEOX/KEOX20250327_095834_V06', 's3://noaa-nexrad-level2/2025/03/27/KBMX/KBMX20250327_095820_V06', 's3://noaa-nexrad-level2/2025/03/27/KEVX/KEVX20250327_095840_V06', 's3://noaa-nexrad-level2/2025/03/27/KFFC/KFFC20250327_095807_V06']"
107850,F,B77W,BOS UA /OV 4125N 05441W/TM 1013/FL350/TP B77W/TB OCNL MOD,OCNL MOD,202503271000-KMSC-UBUS01-PIREP,35000.0,41.4166,-54.6833,2025-03-27 10:13:00,3.0,U,"('KCBW', 'KGYX', 'KBOX', 'KOKX', 'KCXX')","['s3://noaa-nexrad-level2/2025/03/27/KCBW/KCBW20250327_101129_V06', 's3://noaa-nexrad-level2/2025/03/27/KGYX/KGYX20250327_100817_V06', 's3://noaa-nexrad-level2/2025/03/27/KBOX/KBOX20250327_100839_V06', 's3://noaa-nexrad-level2/2025/03/27/KOKX/KOKX20250327_101200_V06', 's3://noaa-nexrad-level2/2025/03/27/KCXX/KCXX20250327_100819_V06']"
107851,F,E75L,LEX UA /OV HYK/TM 1014/FL240/TP E75L/TB NEG/RM SMOOTH ABV 170 DURC,NEG,202503271000-KMSC-UBUS01-PIREP,24000.0,37.97,-84.47,2025-03-27 10:14:00,0.0,U,"('KJKL', 'KLVX', 'KILN', 'KMRX', 'KIND')","['s3://noaa-nexrad-level2/2025/03/27/KJKL/KJKL20250327_101209_V06', 's3://noaa-nexrad-level2/2025/03/27/KLVX/KLVX20250327_101217_V06', 's3://noaa-nexrad-level2/2025/03/27/KILN/KILN20250327_101302_V06', 's3://noaa-nexrad-level2/2025/03/27/KMRX/KMRX20250327_101002_V06', 's3://noaa-nexrad-level2/2025/03/27/KIND/KIND20250327_101056_V06']"
107852,F,B763,ASE UA /OV DBL075048/TM 1014/FL360/TP B763/TB NEG/RM ZDVWC-05,NEG,202503271000-KMSC-UBUS01-PIREP,36000.0,39.64707200757291,-105.8993357505798,2025-03-27 10:14:00,0.0,H,"('KFTG', 'KCYS', 'KPUX', 'KGJX', 'KGLD')","['s3://noaa-nexrad-level2/2025/03/27/KFTG/KFTG20250327_100838_V06', 's3://noaa-nexrad-level2/2025/03/27/KCYS/KCYS20250327_100949_V06', 's3://noaa-nexrad-level2/2025/03/27/KPUX/KPUX20250327_101102_V06', 's3://noaa-nexrad-level2/2025/03/27/KGJX/KGJX20250327_101319_V06', 's3://noaa-nexrad-level2/2025/03/27/KGLD/KGLD20250327_101307_V06']"
107853,F,E170,SAV UA /OV SAV180070/TM 1015/FL360/TP E170/TB LGT CHOP,LGT CHOP,202503271000-KMSC-UBUS01-PIREP,36000.0,30.96460634323883,-81.20230227,2025-03-27 10:15:00,1.0,U,"('KJAX', 'KCLX', 'KVAX', 'KJGX', 'KMLB')","['s3://noaa-nexrad-level2/2025/03/27/KJAX/KJAX20250327_100803_V06', 's3://noaa-nexrad-level2/2025/03/27/KVAX/KVAX20250327_101105_V06', 's3://noaa-nexrad-level2/2025/03/27/KJGX/KJGX20250327_100844_V06', 's3://noaa-nexrad-level2/2025/03/27/KMLB/KMLB20250327_100914_V06']"
107854,F,B763,EUG UA /OV EUG140059/TM 1017/FL360/TP B763/TB MOD/RM ZSE,MOD,202503271000-KMSC-UBUS01-PIREP,36000.0,43.37124194876543,-122.3313607740716,2025-03-27 10:17:00,3.0,H,"('KMAX', 'KRTX', 'KBHX', 'KBBX', 'KLGX')","['s3://noaa-nexrad-level2/2025/03/27/KMAX/KMAX20250327_101231_V06', 's3://noaa-nexrad-level2/2025/03/27/KRTX/KRTX20250327_101622_V06', 's3://noaa-nexrad-level2/2025/03/27/KBHX/KBHX20250327_101540_V06', 's3://noaa-nexrad-level2/2025/03/27/KBBX/KBBX20250327_101404_V06', 's3://noaa-nexrad-level2/2025/03/27/KLGX/KLGX20250327_101239_V06']"
107855,F,B737,BMG UA /OV OOM/TM 1020/FL200/TP B737/TB LGT CHOP/RM 180-280 DURC,LGT CHOP,202503271000-KMSC-UBUS01-PIREP,20000.0,39.14,-86.61,2025-03-27 10:20:00,1.0,M,"('KIND', 'KLVX', 'KVWX', 'KIWX', 'KHPX')","['s3://noaa-nexrad-level2/2025/03/27/KIND/KIND20250327_101750_V06', 's3://noaa-nexrad-level2/2025/03/27/KLVX/KLVX20250327_101656_V06', 's3://noaa-nexrad-level2/2025/03/27/KVWX/KVWX20250327_101742_V06', 's3://noaa-nexrad-level2/2025/03/27/KIWX/KIWX20250327_101629_V06', 's3://noaa-nexrad-level2/2025/03/27/KHPX/KHPX20250327_101827_V06']"
107856,F,A20N,HUF UA /OV TTH/TM 1020/FL370/TP A20N/TB NEG,NEG,202503271000-KMSC-UBUS01-PIREP,37000.0,39.49,-87.25,2025-03-27 10:20:00,0.0,U,"('KIND', 'KVWX', 'KLVX', 'KILX', 'KLOT')","['s3://noaa-nexrad-level2/2025/03/27/KIND/KIND20250327_101750_V06', 's3://noaa-nexrad-level2/2025/03/27/KVWX/KVWX20250327_101742_V06', 's3://noaa-nexrad-level2/2025/03/27/KLVX/KLVX20250327_101656_V06', 's3://noaa-nexrad-level2/2025/03/27/KILX/KILX20250327_101721_V06', 's3://noaa-nexrad-level2/2025/03/27/KLOT/KLOT20250327_101504_V06']"
107857,F,B739,EVV UA /OV MYS/TM 1022/FL320/TP B739/TB OCNL LGT CHOP,OCNL LGT CHOP,202503271000-KMSC-UBUS01-PIREP,32000.0,37.89,-86.24,2025-03-27 10:22:00,1.0,M,"('KLVX', 'KVWX', 'KHPX', 'KOHX', 'KIND')","['s3://noaa-nexrad-level2/2025/03/27/KLVX/KLVX20250327_102128_V06', 's3://noaa-nexrad-level2/2025/03/27/KVWX/KVWX20250327_101742_V06', 's3://noaa-nexrad-level2/2025/03/27/KHPX/KHPX20250327_101827_V06', 's3://noaa-nexrad-level2/2025/03/27/KOHX/KOHX20250327_101636_V06', 's3://noaa-nexrad-level2/2025/03/27/KIND/KIND20250327_101750_V06']"
107858,F,A20N,GNV UA /OV TAY025025/TM 1023/FL340/TP A20N/TB LGT CHOP,LGT CHOP,202503271000-KMSC-UBUS01-PIREP,34000.0,30.877658832517003,-82.3456136887448,2025-03-27 10:23:00,1.0,U,"('KVAX', 'KJAX', 'KTLH', 'KJGX', 'KCLX')","['s3://noaa-nexrad-level2/2025/03/27/KVAX/KVAX20250327_101808_V06', 's3://noaa-nexrad-level2/2025/03/27/KJAX/KJAX20250327_102202_V06', 's3://noaa-nexrad-level2/2025/03/27/KTLH/KTLH20250327_102108_V06', 's3://noaa-nexrad-level2/2025/03/27/KJGX/KJGX20250327_102242_V06']"
107859,F,A320,MFD UA /OV MFD090020/TM 1025/FL190/TP A320/TB INTMT LGT CHOP BLO 190/RM ZOB,INTMT LGT CHOP BLO 190,202503271000-KMSC-UBUS01-PIREP,19000.0,40.82,-82.07949404849424,2025-03-27 10:25:00,1.0,M,"('KCLE', 'KPBZ', 'KILN', 'KDTX', 'KRLX')","['s3://noaa-nexrad-level2/2025/03/27/KCLE/KCLE20250327_101913_V06', 's3://noaa-nexrad-level2/2025/03/27/KPBZ/KPBZ20250327_102113_V06', 's3://noaa-nexrad-level2/2025/03/27/KILN/KILN20250327_102137_V06', 's3://noaa-nexrad-level2/2025/03/27/KDTX/KDTX20250327_101906_V06', 's3://noaa-nexrad-level2/2025/03/27/KRLX/KRLX20250327_102449_V06']"
107860,F,B763,MGM UA /OV MGM150020/TM 1026/FL370/TP B763/TB LGT CHOP/RM ZTLFD 09,LGT CHOP,202503271000-KMSC-UBUS01-PIREP,37000.0,32.0119414826959,-86.19677507512449,2025-03-27 10:26:00,1.0,H,"('KMXX', 'KEOX', 'KBMX', 'KEVX', 'KFFC')","['s3://noaa-nexrad-level2/2025/03/27/KMXX/KMXX20250327_101933_V06', 's3://noaa-nexrad-level2/2025/03/27/KEOX/KEOX20250327_101950_V06', 's3://noaa-nexrad-level2/2025/03/27/KBMX/KBMX20250327_102409_V06', 's3://noaa-nexrad-level2/2025/03/27/KEVX/KEVX20250327_101831_V06', 's3://noaa-nexrad-level2/2025/03/27/KFFC/KFFC20250327_101913_V06']"
107861,F,A339,ILM UA /OV ILM188237/TM 1027/FL390/TP A339/TB CONS MOD,CONS MOD,202503271000-KMSC-UBUS01-PIREP,39000.0,30.35812429188537,-78.56527441029547,2025-03-27 10:27:00,3.0,U,"('KMLB', 'KJAX', 'KCLX', 'KLTX', 'KCAE')","['s3://noaa-nexrad-level2/2025/03/27/KMLB/KMLB20250327_102321_V06', 's3://noaa-nexrad-level2/2025/03/27/KJAX/KJAX20250327_102202_V06', 's3://noaa-nexrad-level2/2025/03/27/KLTX/KLTX20250327_102038_V06', 's3://noaa-nexrad-level2/2025/03/27/KCAE/KCAE20250327_102224_V06']"
107862,F,E170,SBN UA /OV OSH/TM 1031/FL150/TP E170/TB INTMT LGT CHOP BLO 190/IC NEG DURC,INTMT LGT CHOP BLO 190,202503271000-KMSC-UBUS01-PIREP,15000.0,43.98435,-88.55704,2025-03-27 10:31:00,1.0,U,"('KGRB', 'KMKX', 'KLOT', 'KARX', 'KMQT')","['s3://noaa-nexrad-level2/2025/03/27/KGRB/KGRB20250327_102633_V06', 's3://noaa-nexrad-level2/2025/03/27/KMKX/KMKX20250327_103031_V06', 's3://noaa-nexrad-level2/2025/03/27/KLOT/KLOT20250327_102639_V06', 's3://noaa-nexrad-level2/2025/03/27/KARX/KARX20250327_102948_V06', 's3://noaa-nexrad-level2/2025/03/27/KMQT/KMQT20250327_102440_V06']"
107863,F,E75S,DBQ UA /OV DBQ/TM 1034/FL150/TP E75S/TA M18/TB CONS LGT CHOP 110-170 OCNL LGT CHOP ABV 170/IC LGT RIME 110-170,CONS LGT CHOP 110-170 OCNL LGT CHOP ABV 170,202503271000-KMSC-UBUS01-PIREP,15000.0,42.39835,-90.709143,2025-03-27 10:34:00,1.0,U,"('KDVN', 'KARX', 'KMKX', 'KILX', 'KLOT')","['s3://noaa-nexrad-level2/2025/03/27/KDVN/KDVN20250327_103258_V06', 's3://noaa-nexrad-level2/2025/03/27/KARX/KARX20250327_103339_V06', 's3://noaa-nexrad-level2/2025/03/27/KMKX/KMKX20250327_103031_V06', 's3://noaa-nexrad-level2/2025/03/27/KILX/KILX20250327_103211_V06', 's3://noaa-nexrad-level2/2025/03/27/KLOT/KLOT20250327_103119_V06']"
107864,F,A320,EVV UA /OV MYS360020/TM 1039/FL280/TP A320/TB NEG BLO 280,NEG BLO 280,202503271000-KMSC-UBUS01-PIREP,28000.0,38.22336033336033,-86.24,2025-03-27 10:39:00,0.0,M,"('KLVX', 'KIND', 'KVWX', 'KHPX', 'KOHX')","['s3://noaa-nexrad-level2/2025/03/27/KLVX/KLVX20250327_103854_V06', 's3://noaa-nexrad-level2/2025/03/27/KIND/KIND20250327_103838_V06', 's3://noaa-nexrad-level2/2025/03/27/KVWX/KVWX20250327_103517_V06', 's3://noaa-nexrad-level2/2025/03/27/KHPX/KHPX20250327_103506_V06', 's3://noaa-nexrad-level2/2025/03/27/KOHX/KOHX20250327_103315_V06']"
107865,F,B738,SDF UA /OV IIU/TM 1039/FL350/TP B738/TB LGT,LGT,202503271000-KMSC-UBUS01-PIREP,35000.0,38.1,-85.58,2025-03-27 10:39:00,1.0,M,"('KLVX', 'KIND', 'KOHX', 'KVWX', 'KHPX')","['s3://noaa-nexrad-level2/2025/03/27/KLVX/KLVX20250327_103854_V06', 's3://noaa-nexrad-level2/2025/03/27/KIND/KIND20250327_103838_V06', 's3://noaa-nexrad-level2/2025/03/27/KOHX/KOHX20250327_103315_V06', 's3://noaa-nexrad-level2/2025/03/27/KVWX/KVWX20250327_103517_V06', 's3://noaa-nexrad-level2/2025/03/27/KHPX/KHPX20250327_103506_V06']"
107866,F,A320,BIE UA /OV K57/TM 1040/FL230/TP A320/SK SKC/TB NEG/IC NEG/RM DURC SFC-FL230 LTGCG AT STJ020030,NEG,202503271000-KMSC-UBUS01-PIREP,23000.0,40.44,-95.36,2025-03-27 10:40:00,0.0,M,"('KOAX', 'KTWX', 'KEAX', 'KDMX', 'KUEX')","['s3://noaa-nexrad-level2/2025/03/27/KOAX/KOAX20250327_103907_V06', 's3://noaa-nexrad-level2/2025/03/27/KTWX/KTWX20250327_103737_V06', 's3://noaa-nexrad-level2/2025/03/27/KEAX/KEAX20250327_103713_V06', 's3://noaa-nexrad-level2/2025/03/27/KDMX/KDMX20250327_103858_V06', 's3://noaa-nexrad-level2/2025/03/27/KUEX/KUEX20250327_103843_V06']"
107867,F,A21N,LEX UA /OV HYK/TM 1040/FL340/TP A21N/TB NEG,NEG,202503271000-KMSC-UBUS01-PIREP,34000.0,37.97,-84.47,2025-03-27 10:40:00,0.0,U,"('KJKL', 'KLVX', 'KILN', 'KMRX', 'KIND')","['s3://noaa-nexrad-level2/2025/03/27/KJKL/KJKL20250327_103913_V06', 's3://noaa-nexrad-level2/2025/03/27/KLVX/KLVX20250327_103854_V06', 's3://noaa-nexrad-level2/2025/03/27/KILN/KILN20250327_103845_V06', 's3://noaa-nexrad-level2/2025/03/27/KMRX/KMRX20250327_103736_V06', 's3://noaa-nexrad-level2/2025/03/27/KIND/KIND20250327_103838_V06']"
107868,F,A21N,LOZ UA /OV LOZ010025/TM 1040/FL340/TP A21N/TB NEG,NEG,202503271000-KMSC-UBUS01-PIREP,34000.0,37.49736980104999,-83.98629248610925,2025-03-27 10:40:00,0.0,U,"('KJKL', 'KMRX', 'KILN', 'KLVX', 'KRLX')","['s3://noaa-nexrad-level2/2025/03/27/KJKL/KJKL20250327_103913_V06', 's3://noaa-nexrad-level2/2025/03/27/KMRX/KMRX20250327_103736_V06', 's3://noaa-nexrad-level2/2025/03/27/KILN/KILN20250327_103845_V06', 's3://noaa-nexrad-level2/2025/03/27/KLVX/KLVX20250327_103854_V06', 's3://noaa-nexrad-level2/2025/03/27/KRLX/KRLX20250327_103847_V06']"
107869,F,B712,IKK UA /OV IKK/TM 1040/FL200/TP B712/SK TOP180/TB NEG/IC NEG,NEG,202503271100-KMSC-UBUS01-PIREP,20000.0,41.07139,-87.84628,2025-03-27 10:40:00,0.0,M,"('KLOT', 'KILX', 'KMKX', 'KIND', 'KIWX')","['s3://noaa-nexrad-level2/2025/03/27/KLOT/KLOT20250327_103559_V06', 's3://noaa-nexrad-level2/2025/03/27/KILX/KILX20250327_103711_V06', 's3://noaa-nexrad-level2/2025/03/27/KMKX/KMKX20250327_103732_V06', 's3://noaa-nexrad-level2/2025/03/27/KIND/KIND20250327_103838_V06', 's3://noaa-nexrad-level2/2025/03/27/KIWX/KIWX20250327_103820_V06']"
107870,F,E170,RIC UA /OV RIC010015/TM 1042/FL220/TP E170/TB MOD 220-210,MOD 220-210,202503271000-KMSC-UBUS01-PIREP,22000.0,37.75772188063,-77.26862745268481,2025-03-27 10:42:00,3.0,U,"('KAKQ', 'KLWX', 'KDOX', 'KRAX', 'KMHX')","['s3://noaa-nexrad-level2/2025/03/27/KAKQ/KAKQ20250327_104158_V06', 's3://noaa-nexrad-level2/2025/03/27/KLWX/KLWX20250327_103913_V06', 's3://noaa-nexrad-level2/2025/03/27/KDOX/KDOX20250327_103858_V06', 's3://noaa-nexrad-level2/2025/03/27/KRAX/KRAX20250327_103855_V06', 's3://noaa-nexrad-level2/2025/03/27/KMHX/KMHX20250327_104114_V06']"
107871,F,C680,RIC UA /OV HCM360015/TM 1043/FL220/TP C680/TB LGT CONS,LGT CONS,202503271000-KMSC-UBUS01-PIREP,22000.0,37.70002025002025,-76.71,2025-03-27 10:43:00,1.0,U,"('KAKQ', 'KLWX', 'KDOX', 'KRAX', 'KMHX')","['s3://noaa-nexrad-level2/2025/03/27/KAKQ/KAKQ20250327_104158_V06', 's3://noaa-nexrad-level2/2025/03/27/KLWX/KLWX20250327_103913_V06', 's3://noaa-nexrad-level2/2025/03/27/KDOX/KDOX20250327_103858_V06', 's3://noaa-nexrad-level2/2025/03/27/KRAX/KRAX20250327_103855_V06', 's3://noaa-nexrad-level2/2025/03/27/KMHX/KMHX20250327_104114_V06']"
107872,F,A321,SPA UA /OV SPA168008/TM 1043/FL340/TP A321/TB NEG/RM ZTLFD 32,NEG,202503271000-KMSC-UBUS01-PIREP,34000.0,34.785291955897506,-81.92269027013835,2025-03-27 10:43:00,0.0,M,"('KGSP', 'KCAE', 'KMRX', 'KCLX', 'KJGX')","['s3://noaa-nexrad-level2/2025/03/27/KGSP/KGSP20250327_103925_V06', 's3://noaa-nexrad-level2/2025/03/27/KCAE/KCAE20250327_104248_V06', 's3://noaa-nexrad-level2/2025/03/27/KMRX/KMRX20250327_103736_V06', 's3://noaa-nexrad-level2/2025/03/27/KJGX/KJGX20250327_103639_V06']"
107873,F,B752,SEA UA /OV SEA108035/TM 1050/FL180/TP B752/SK OVC-TOP185/SKC/TB LGT CHOP BLO FL300/RM DURD CHINS ARR,LGT CHOP BLO FL300,202503271000-KMSC-UBUS01-PIREP,18000.0,47.26441548554703,-121.49398469973546,2025-03-27 10:50:00,1.0,M,"('KATX', 'KRTX', 'KLGX', 'KPDT', 'KOTX')","['s3://noaa-nexrad-level2/2025/03/27/KATX/KATX20250327_104947_V06', 's3://noaa-nexrad-level2/2025/03/27/KRTX/KRTX20250327_104822_V06', 's3://noaa-nexrad-level2/2025/03/27/KLGX/KLGX20250327_104828_V06', 's3://noaa-nexrad-level2/2025/03/27/KPDT/KPDT20250327_104510_V06', 's3://noaa-nexrad-level2/2025/03/27/KOTX/KOTX20250327_104839_V06']"
107874,F,E75L,CVG UA /OV CVG/TM 1051/FL320/TP E75L/TB NEG,NEG,202503271000-KMSC-UBUS01-PIREP,32000.0,39.04306,-84.67167,2025-03-27 10:51:00,0.0,U,"('KILN', 'KLVX', 'KIND', 'KJKL', 'KIWX')","['s3://noaa-nexrad-level2/2025/03/27/KILN/KILN20250327_104719_V06', 's3://noaa-nexrad-level2/2025/03/27/KLVX/KLVX20250327_104730_V06', 's3://noaa-nexrad-level2/2025/03/27/KIND/KIND20250327_104532_V06', 's3://noaa-nexrad-level2/2025/03/27/KJKL/KJKL20250327_104600_V06', 's3://noaa-nexrad-level2/2025/03/27/KIWX/KIWX20250327_104515_V06']"
107875,F,CRJ7,ESC UA /OV ESC165015/TM 1053/FL110/TP CRJ7/SK SKC/TB NEG,NEG,202503271000-KMSC-UBUS01-PIREP,11000.0,45.48116898341019,-87.00102979638135,2025-03-27 10:53:00,0.0,M,"('KMQT', 'KGRB', 'KAPX', 'KMKX', 'KGRR')","['s3://noaa-nexrad-level2/2025/03/27/KMQT/KMQT20250327_105201_V06', 's3://noaa-nexrad-level2/2025/03/27/KGRB/KGRB20250327_104656_V06', 's3://noaa-nexrad-level2/2025/03/27/KAPX/KAPX20250327_104625_V06', 's3://noaa-nexrad-level2/2025/03/27/KMKX/KMKX20250327_105135_V06', 's3://noaa-nexrad-level2/2025/03/27/KGRR/KGRR20250327_104925_V06']"
107876,F,A321,MBPV UA /OV PVN330150/TM 1053/FL350/TP A321/TB CONS LGT CHOP OCNL,CONS LGT CHOP OCNL,202503271100-KMSC-UBUS01-PIREP,35000.0,23.935238879780734,-73.60610528035976,2025-03-27 10:53:00,1.0,M,"('KAMX', 'KAMX', 'KBYX', 'KMLB', 'KTBW')","['s3://noaa-nexrad-level2/2025/03/27/KAMX/KAMX20250327_104930_V06', 's3://noaa-nexrad-level2/2025/03/27/KAMX/KAMX20250327_104930_V06', 's3://noaa-nexrad-level2/2025/03/27/KBYX/KBYX20250327_105206_V06', 's3://noaa-nexrad-level2/2025/03/27/KMLB/KMLB20250327_105136_V06', 's3://noaa-nexrad-level2/2025/03/27/KTBW/KTBW20250327_105018_V06']"
107877,F,A321,ILM UA /OV ILM197236/TM 1054/FL390/TP A321/TB CONS MOD CHOP,CONS MOD CHOP,202503271000-KMSC-UBUS01-PIREP,39000.0,30.508229947545463,-79.29169642498822,2025-03-27 10:54:00,3.0,M,"('KJAX', 'KMLB', 'KCLX', 'KLTX', 'KVAX')","['s3://noaa-nexrad-level2/2025/03/27/KJAX/KJAX20250327_105000_V06', 's3://noaa-nexrad-level2/2025/03/27/KMLB/KMLB20250327_105136_V06', 's3://noaa-nexrad-level2/2025/03/27/KLTX/KLTX20250327_104829_V06', 's3://noaa-nexrad-level2/2025/03/27/KVAX/KVAX20250327_105325_V06']"
107878,F,A320,MBPV UA /OV PVN010030/TM 1054/FL320/TP A320/TB INTMT LGT,INTMT LGT,202503271100-KMSC-UBUS01-PIREP,32000.0,22.262443761259984,-72.16650050844709,2025-03-27 10:54:00,1.0,M,"('KAMX', 'KAMX', 'KBYX', 'KMLB', 'KTBW')","['s3://noaa-nexrad-level2/2025/03/27/KAMX/KAMX20250327_105323_V06', 's3://noaa-nexrad-level2/2025/03/27/KAMX/KAMX20250327_105323_V06', 's3://noaa-nexrad-level2/2025/03/27/KBYX/KBYX20250327_105206_V06', 's3://noaa-nexrad-level2/2025/03/27/KMLB/KMLB20250327_105136_V06', 's3://noaa-nexrad-level2/2025/03/27/KTBW/KTBW20250327_105018_V06']"
107879,F,B757,UA /OV CYQR 360020 /TM 1055 /FL210 /TP B757 /TB MOD 200-210,MOD 200-210,202503271100-CYEG-UACN10-PIREP,21000.0,50.76003033336033,-104.67018,2025-03-27 10:55:00,3.0,M,"('KGGW', 'KMBX', 'KBIS', 'KBLX', 'KUDX')","['s3://noaa-nexrad-level2/2025/03/27/KGGW/KGGW20250327_105245_V06', 's3://noaa-nexrad-level2/2025/03/27/KMBX/KMBX20250327_105223_V06', 's3://noaa-nexrad-level2/2025/03/27/KBIS/KBIS20250327_105304_V06', 's3://noaa-nexrad-level2/2025/03/27/KBLX/KBLX20250327_105005_V06', 's3://noaa-nexrad-level2/2025/03/27/KUDX/KUDX20250327_104716_V06']"
107880,F,B738,RST UA /OV RST131013/TM 1056/FL265/TP B738/TB NEG,NEG,202503271100-KMSC-UBUS01-PIREP,26500.0,43.76194236320458,-92.26462801417064,2025-03-27 10:56:00,0.0,M,"('KARX', 'KMPX', 'KDMX', 'KDVN', 'KDLH')","['s3://noaa-nexrad-level2/2025/03/27/KARX/KARX20250327_105233_V06', 's3://noaa-nexrad-level2/2025/03/27/KMPX/KMPX20250327_105239_V06', 's3://noaa-nexrad-level2/2025/03/27/KDMX/KDMX20250327_105309_V06', 's3://noaa-nexrad-level2/2025/03/27/KDVN/KDVN20250327_105547_V06', 's3://noaa-nexrad-level2/2025/03/27/KDLH/KDLH20250327_105302_V06']"
107881,F,A319,FSM UA /OV FSM225020/TM 1100/FL300/TP A319/TB OCNL MOD/RM ZME,OCNL MOD,202503271100-KMSC-UBUS01-PIREP,30000.0,35.100858647702296,-94.65639618498685,2025-03-27 11:00:00,3.0,M,"('KSRX', 'KINX', 'KLZK', 'KSGF', 'KTLX')","['s3://noaa-nexrad-level2/2025/03/27/KSRX/KSRX20250327_105646_V06', 's3://noaa-nexrad-level2/2025/03/27/KINX/KINX20250327_105613_V06', 's3://noaa-nexrad-level2/2025/03/27/KLZK/KLZK20250327_105809_V06', 's3://noaa-nexrad-level2/2025/03/27/KSGF/KSGF20250327_105304_V06', 's3://noaa-nexrad-level2/2025/03/27/KTLX/KTLX20250327_105654_V06']"
107882,F,A321,IAH UA /OV DAS315020/TM 1100/FL290/TP A321/TB MOD CHOP FL290-350/RM ZHU,MOD CHOP FL290-350,202503271100-KMSC-UBUS01-PIREP,29000.0,30.4257213522977,-94.922711194487,2025-03-27 11:00:00,3.0,M,"('KHGX', 'KLCH', 'KPOE', 'KSHV', 'KGRK')","['s3://noaa-nexrad-level2/2025/03/27/KHGX/KHGX20250327_105419_V06', 's3://noaa-nexrad-level2/2025/03/27/KLCH/KLCH20250327_105656_V06', 's3://noaa-nexrad-level2/2025/03/27/KPOE/KPOE20250327_105950_V06', 's3://noaa-nexrad-level2/2025/03/27/KSHV/KSHV20250327_105349_V06', 's3://noaa-nexrad-level2/2025/03/27/KGRK/KGRK20250327_105903_V06']"
107883,F,B757,AMG UA /OV AMG/TM 1101/FL330/TP B757/TB CONS LGT CHOP,CONS LGT CHOP,202503271100-KMSC-UBUS01-PIREP,33000.0,31.53606,-82.50656,2025-03-27 11:01:00,1.0,M,"('KVAX', 'KJAX', 'KJGX', 'KCLX', 'KTLH')","['s3://noaa-nexrad-level2/2025/03/27/KVAX/KVAX20250327_110027_V06', 's3://noaa-nexrad-level2/2025/03/27/KJAX/KJAX20250327_105700_V06', 's3://noaa-nexrad-level2/2025/03/27/KJGX/KJGX20250327_105727_V06', 's3://noaa-nexrad-level2/2025/03/27/KTLH/KTLH20250327_105555_V06']"
107884,F,B737,SDF UA /OV SDF/TM 1101/FL075/TP B737/TB LGT 075/RM DURC,LGT 075,202503271100-KMSC-UBUS01-PIREP,7500.0,38.17738097,-85.7307643,2025-03-27 11:01:00,1.0,M,"('KLVX', 'KIND', 'KVWX', 'KOHX', 'KHPX')","['s3://noaa-nexrad-level2/2025/03/27/KLVX/KLVX20250327_110023_V06', 's3://noaa-nexrad-level2/2025/03/27/KIND/KIND20250327_105956_V06', 's3://noaa-nexrad-level2/2025/03/27/KVWX/KVWX20250327_110014_V06', 's3://noaa-nexrad-level2/2025/03/27/KOHX/KOHX20250327_105639_V06', 's3://noaa-nexrad-level2/2025/03/27/KHPX/KHPX20250327_110014_V06']"
107885,F,E145,EVV UA /OV PXV030030/TM 1102/FL150/TP E145/TB OCNL LGT CHOP CONS LGT CHOP 070-100/IC NEG,OCNL LGT CHOP CONS LGT CHOP 070-100,202503271100-KMSC-UBUS01-PIREP,15000.0,38.36304777595615,-87.4430220738635,2025-03-27 11:02:00,1.0,M,"('KVWX', 'KLVX', 'KHPX', 'KIND', 'KPAH')","['s3://noaa-nexrad-level2/2025/03/27/KVWX/KVWX20250327_110014_V06', 's3://noaa-nexrad-level2/2025/03/27/KLVX/KLVX20250327_110023_V06', 's3://noaa-nexrad-level2/2025/03/27/KHPX/KHPX20250327_110014_V06', 's3://noaa-nexrad-level2/2025/03/27/KIND/KIND20250327_105956_V06', 's3://noaa-nexrad-level2/2025/03/27/KPAH/KPAH20250327_105630_V06']"
107886,F,A319,MFE UA /OV MFE315030/TM 1104/FL240/TP A319/TB MOD CHOP FL240-250/RM ZHU,MOD CHOP FL240-250,202503271100-KMSC-UBUS01-PIREP,24000.0,26.52941202844655,-98.6325976100777,2025-03-27 11:04:00,3.0,M,"('KBRO', 'KCRP', 'KDFX', 'KEWX', 'KGRK')","['s3://noaa-nexrad-level2/2025/03/27/KBRO/KBRO20250327_105837_V06', 's3://noaa-nexrad-level2/2025/03/27/KCRP/KCRP20250327_110244_V06', 's3://noaa-nexrad-level2/2025/03/27/KDFX/KDFX20250327_110021_V06', 's3://noaa-nexrad-level2/2025/03/27/KEWX/KEWX20250327_110008_V06', 's3://noaa-nexrad-level2/2025/03/27/KGRK/KGRK20250327_110206_V06']"
107887,F,A321,HOU UA /OV HOU/TM 1106/FL335/TP A321/SK TOP FL335-345/TB LGT MOD CHOP FL335-345/RM ZHU,LGT MOD CHOP FL335-345,202503271100-KMSC-UBUS01-PIREP,33500.0,29.63747,-95.28245,2025-03-27 11:06:00,2.0,M,"('KHGX', 'KLCH', 'KGRK', 'KEWX', 'KPOE')","['s3://noaa-nexrad-level2/2025/03/27/KHGX/KHGX20250327_110122_V06', 's3://noaa-nexrad-level2/2025/03/27/KLCH/KLCH20250327_110141_V06', 's3://noaa-nexrad-level2/2025/03/27/KGRK/KGRK20250327_110507_V06', 's3://noaa-nexrad-level2/2025/03/27/KEWX/KEWX20250327_110524_V06', 's3://noaa-nexrad-level2/2025/03/27/KPOE/KPOE20250327_110330_V06']"
107888,F,E170,ELK UA /OV BFV270010/TM 1107/FL350/TP E170/TB CONS LGT-MOD CHOP/RM ZFW,CONS LGT-MOD CHOP,202503271100-KMSC-UBUS01-PIREP,35000.0,35.24,-99.41407926964938,2025-03-27 11:07:00,2.0,U,"('KFDR', 'KOUN', 'KVNX', 'KTLX', 'KAMA')","['s3://noaa-nexrad-level2/2025/03/27/KFDR/KFDR20250327_110332_V06', 's3://noaa-nexrad-level2/2025/03/27/KVNX/KVNX20250327_110537_V06', 's3://noaa-nexrad-level2/2025/03/27/KTLX/KTLX20250327_110407_V06', 's3://noaa-nexrad-level2/2025/03/27/KAMA/KAMA20250327_110611_V06']"
107889,F,BE20,LOZ UA /OV SCX/TM 1107/FL080/TP BE20/SK BASE 115/TA 8/TB NEG/IC NEG,NEG,202503271100-KMSC-UBUS01-PIREP,8000.0,36.4557,-84.5858,2025-03-27 11:07:00,0.0,M,"('KMRX', 'KJKL', 'KOHX', 'KLVX', 'KHTX')","['s3://noaa-nexrad-level2/2025/03/27/KMRX/KMRX20250327_110223_V06', 's3://noaa-nexrad-level2/2025/03/27/KJKL/KJKL20250327_110047_V06', 's3://noaa-nexrad-level2/2025/03/27/KOHX/KOHX20250327_110232_V06', 's3://noaa-nexrad-level2/2025/03/27/KLVX/KLVX20250327_110450_V06', 's3://noaa-nexrad-level2/2025/03/27/KHTX/KHTX20250327_110642_V06']"
107890,F,E170,BIE UA /OV PWE/TM 1108/FL330/TP E170/TB NEG,NEG,202503271100-KMSC-UBUS01-PIREP,33000.0,40.2,-96.21,2025-03-27 11:08:00,0.0,U,"('KOAX', 'KTWX', 'KUEX', 'KEAX', 'KICT')","['s3://noaa-nexrad-level2/2025/03/27/KOAX/KOAX20250327_110613_V06', 's3://noaa-nexrad-level2/2025/03/27/KTWX/KTWX20250327_110430_V06', 's3://noaa-nexrad-level2/2025/03/27/KUEX/KUEX20250327_110749_V06', 's3://noaa-nexrad-level2/2025/03/27/KEAX/KEAX20250327_110642_V06', 's3://noaa-nexrad-level2/2025/03/27/KICT/KICT20250327_110533_V06']"
107891,F,E145,DEH UA /OV DEH/TM 1108/FL080/TP E145/SK TOP 150/TA M10/TB NEG/IC LGT-MOD MX 080-145,NEG,202503271100-KMSC-UBUS01-PIREP,8000.0,43.2755194444,-91.7433138889,2025-03-27 11:08:00,0.0,M,"('KARX', 'KDVN', 'KMPX', 'KDMX', 'KMKX')","['s3://noaa-nexrad-level2/2025/03/27/KARX/KARX20250327_110722_V06', 's3://noaa-nexrad-level2/2025/03/27/KDVN/KDVN20250327_110711_V06', 's3://noaa-nexrad-level2/2025/03/27/KMPX/KMPX20250327_110356_V06', 's3://noaa-nexrad-level2/2025/03/27/KDMX/KDMX20250327_110711_V06', 's3://noaa-nexrad-level2/2025/03/27/KMKX/KMKX20250327_110537_V06']"
107892,F,A319,HYS UA /OV HYS070030/TM 1109/FL360/TP A319/TB LGT/RM ZKCFDC,LGT,202503271100-KMSC-UBUS01-PIREP,36000.0,39.01324392349249,-98.66988481183566,2025-03-27 11:09:00,1.0,M,"('KUEX', 'KDDC', 'KICT', 'KVNX', 'KTWX')","['s3://noaa-nexrad-level2/2025/03/27/KUEX/KUEX20250327_110749_V06', 's3://noaa-nexrad-level2/2025/03/27/KDDC/KDDC20250327_110740_V06', 's3://noaa-nexrad-level2/2025/03/27/KICT/KICT20250327_110533_V06', 's3://noaa-nexrad-level2/2025/03/27/KVNX/KVNX20250327_110852_V06', 's3://noaa-nexrad-level2/2025/03/27/KTWX/KTWX20250327_110859_V06']"
107893,F,A321,SPA UA /OV SPA/TM 1109/FL370/TP A321/TB NEG/RM ZTLFD 32,NEG,202503271100-KMSC-UBUS01-PIREP,37000.0,34.9157222,-81.9565,2025-03-27 11:09:00,0.0,M,"('KGSP', 'KCAE', 'KMRX', 'KCLX', 'KJGX')","['s3://noaa-nexrad-level2/2025/03/27/KGSP/KGSP20250327_110528_V06', 's3://noaa-nexrad-level2/2025/03/27/KCAE/KCAE20250327_110309_V06', 's3://noaa-nexrad-level2/2025/03/27/KMRX/KMRX20250327_110702_V06', 's3://noaa-nexrad-level2/2025/03/27/KJGX/KJGX20250327_110423_V06']"
107894,F,A321,GRD UA /OV GRD/TM 1110/FL330/TP A321/TB NEG/RM ZTLFD 32,NEG,202503271100-KMSC-UBUS01-PIREP,33000.0,34.25,-82.16,2025-03-27 11:10:00,0.0,M,"('KGSP', 'KCAE', 'KCLX', 'KJGX', 'KMRX')","['s3://noaa-nexrad-level2/2025/03/27/KGSP/KGSP20250327_110528_V06', 's3://noaa-nexrad-level2/2025/03/27/KCAE/KCAE20250327_110309_V06', 's3://noaa-nexrad-level2/2025/03/27/KJGX/KJGX20250327_110423_V06', 's3://noaa-nexrad-level2/2025/03/27/KMRX/KMRX20250327_110702_V06']"
107895,F,B737,MSY UA /OV LEV090060/TM 1110/FL380/TP B737/TB MOD CHOP/RM ZHU,MOD CHOP,202503271100-KMSC-UBUS01-PIREP,38000.0,29.18,-88.95455297446544,2025-03-27 11:10:00,3.0,M,"('KLIX', 'KMOB', 'KHDC', 'KDGX', 'KEVX')","['s3://noaa-nexrad-level2/2025/03/27/KMOB/KMOB20250327_110317_V06', 's3://noaa-nexrad-level2/2025/03/27/KHDC/KHDC20250327_110522_V06', 's3://noaa-nexrad-level2/2025/03/27/KDGX/KDGX20250327_110916_V06', 's3://noaa-nexrad-level2/2025/03/27/KEVX/KEVX20250327_110213_V06']"
107896,F,A321,SHV UA /OV SHV/TM 1113/FL370/TP A321/TB LGT CONS CAT/RM ZFW,LGT CONS CAT,202503271100-KMSC-UBUS01-PIREP,37000.0,32.4472,-93.8244,2025-03-27 11:13:00,1.0,M,"('KSHV', 'KPOE', 'KLCH', 'KLZK', 'KSRX')","['s3://noaa-nexrad-level2/2025/03/27/KSHV/KSHV20250327_111055_V06', 's3://noaa-nexrad-level2/2025/03/27/KPOE/KPOE20250327_111052_V06', 's3://noaa-nexrad-level2/2025/03/27/KLCH/KLCH20250327_111112_V06', 's3://noaa-nexrad-level2/2025/03/27/KLZK/KLZK20250327_111217_V06', 's3://noaa-nexrad-level2/2025/03/27/KSRX/KSRX20250327_110512_V06']"
107897,F,B738,ELD UA /OV ELD/TM 1114/FL350/TP B738/TB LGT OCNL MOD CONS CHOP/RM ZFW,LGT OCNL MOD CONS CHOP,202503271100-KMSC-UBUS01-PIREP,35000.0,33.22097,-92.81328,2025-03-27 11:14:00,2.0,M,"('KSHV', 'KLZK', 'KPOE', 'KSRX', 'KDGX')","['s3://noaa-nexrad-level2/2025/03/27/KSHV/KSHV20250327_111055_V06', 's3://noaa-nexrad-level2/2025/03/27/KLZK/KLZK20250327_111217_V06', 's3://noaa-nexrad-level2/2025/03/27/KPOE/KPOE20250327_111052_V06', 's3://noaa-nexrad-level2/2025/03/27/KSRX/KSRX20250327_111337_V06', 's3://noaa-nexrad-level2/2025/03/27/KDGX/KDGX20250327_110916_V06']"
107898,F,UNKN,MFE UA /OV MFE/TM 1114/FL240/TP UNKN/TB MOD CHOP FL240-300/RM ZHU,MOD CHOP FL240-300,202503271100-KMSC-UBUS01-PIREP,24000.0,26.17583,-98.23861,2025-03-27 11:14:00,3.0,U,"('KBRO', 'KCRP', 'KEWX', 'KDFX', 'KHGX')","['s3://noaa-nexrad-level2/2025/03/27/KBRO/KBRO20250327_110942_V06', 's3://noaa-nexrad-level2/2025/03/27/KCRP/KCRP20250327_111257_V06', 's3://noaa-nexrad-level2/2025/03/27/KEWX/KEWX20250327_111040_V06', 's3://noaa-nexrad-level2/2025/03/27/KDFX/KDFX20250327_111002_V06', 's3://noaa-nexrad-level2/2025/03/27/KHGX/KHGX20250327_110825_V06']"
107899,F,B753,PIE UA /OV PIE350010/TM 1114/FL260/TP B753/TB LGT CHOP,LGT CHOP,202503271100-KMSC-UBUS01-PIREP,26000.0,28.07414792042,-82.72017346042001,2025-03-27 11:14:00,1.0,M,"('KTBW', 'KMLB', 'KJAX', 'KTLH', 'KVAX')","['s3://noaa-nexrad-level2/2025/03/27/KTBW/KTBW20250327_111132_V06', 's3://noaa-nexrad-level2/2025/03/27/KMLB/KMLB20250327_111247_V06', 's3://noaa-nexrad-level2/2025/03/27/KJAX/KJAX20250327_111059_V06', 's3://noaa-nexrad-level2/2025/03/27/KTLH/KTLH20250327_110949_V06', 's3://noaa-nexrad-level2/2025/03/27/KVAX/KVAX20250327_110730_V06']"
107900,F,B753,PIE UA /OV PIE350035/TM 1114/FL260/TP B753/TB LGT CHOP,LGT CHOP,202503271100-KMSC-UBUS01-PIREP,26000.0,28.484517721469985,-82.80205711147002,2025-03-27 11:14:00,1.0,M,"('KTBW', 'KMLB', 'KJAX', 'KVAX', 'KTLH')","['s3://noaa-nexrad-level2/2025/03/27/KTBW/KTBW20250327_111132_V06', 's3://noaa-nexrad-level2/2025/03/27/KMLB/KMLB20250327_111247_V06', 's3://noaa-nexrad-level2/2025/03/27/KJAX/KJAX20250327_111059_V06', 's3://noaa-nexrad-level2/2025/03/27/KVAX/KVAX20250327_110730_V06', 's3://noaa-nexrad-level2/2025/03/27/KTLH/KTLH20250327_110949_V06']"
107901,F,E545,SDF UA /OV EWO270020/TM 1114/FL170/TP E545/TB NEG,NEG,202503271100-KMSC-UBUS01-PIREP,17000.0,37.63,-86.100925422213,2025-03-27 11:14:00,0.0,U,"('KLVX', 'KOHX', 'KHPX', 'KVWX', 'KIND')","['s3://noaa-nexrad-level2/2025/03/27/KLVX/KLVX20250327_110929_V06', 's3://noaa-nexrad-level2/2025/03/27/KOHX/KOHX20250327_110848_V06', 's3://noaa-nexrad-level2/2025/03/27/KHPX/KHPX20250327_111130_V06', 's3://noaa-nexrad-level2/2025/03/27/KVWX/KVWX20250327_111130_V06', 's3://noaa-nexrad-level2/2025/03/27/KIND/KIND20250327_110710_V06']"
107902,F,B738,VRB UA /OV TRV250020/TM 1116/FL260/TP B738/TB LGT,LGT,202503271100-KMSC-UBUS01-PIREP,26000.0,27.565984051005007,-80.84373968969298,2025-03-27 11:16:00,1.0,M,"('KMLB', 'KTBW', 'KAMX', 'KAMX', 'KJAX')","['s3://noaa-nexrad-level2/2025/03/27/KMLB/KMLB20250327_111247_V06', 's3://noaa-nexrad-level2/2025/03/27/KTBW/KTBW20250327_111132_V06', 's3://noaa-nexrad-level2/2025/03/27/KAMX/KAMX20250327_111340_V06', 's3://noaa-nexrad-level2/2025/03/27/KAMX/KAMX20250327_111340_V06', 's3://noaa-nexrad-level2/2025/03/27/KJAX/KJAX20250327_111059_V06']"
107903,F,A319,SDF UA /OV FRH/TM 1117/FL250/TP A319/TB OCNL LGT CHOP,OCNL LGT CHOP,202503271100-KMSC-UBUS01-PIREP,25000.0,38.5062222,-86.6369444,2025-03-27 11:17:00,1.0,M,"('KLVX', 'KVWX', 'KIND', 'KHPX', 'KOHX')","['s3://noaa-nexrad-level2/2025/03/27/KLVX/KLVX20250327_111408_V06', 's3://noaa-nexrad-level2/2025/03/27/KVWX/KVWX20250327_111656_V06', 's3://noaa-nexrad-level2/2025/03/27/KIND/KIND20250327_111423_V06', 's3://noaa-nexrad-level2/2025/03/27/KHPX/KHPX20250327_111647_V06', 's3://noaa-nexrad-level2/2025/03/27/KOHX/KOHX20250327_111504_V06']"
107904,F,B738,CHS UA /OV CHS/TM 1118/FL360/TP B738/TB CONS LGT CHOP,CONS LGT CHOP,202503271100-KMSC-UBUS01-PIREP,36000.0,32.8986,-80.0405,2025-03-27 11:18:00,1.0,M,"('KCLX', 'KCAE', 'KLTX', 'KJAX', 'KGSP')","['s3://noaa-nexrad-level2/2025/03/27/KCAE/KCAE20250327_111643_V06', 's3://noaa-nexrad-level2/2025/03/27/KLTX/KLTX20250327_111620_V06', 's3://noaa-nexrad-level2/2025/03/27/KJAX/KJAX20250327_111759_V06', 's3://noaa-nexrad-level2/2025/03/27/KGSP/KGSP20250327_111404_V06']"
107905,F,E170,EVV UA /OV PXV/TM 1118/FL100/TP E170/WX -RA/TB LGT CHOP,LGT CHOP,202503271100-KMSC-UBUS01-PIREP,10000.0,37.93,-87.76,2025-03-27 11:18:00,1.0,U,"('KVWX', 'KHPX', 'KPAH', 'KLVX', 'KOHX')","['s3://noaa-nexrad-level2/2025/03/27/KVWX/KVWX20250327_111656_V06', 's3://noaa-nexrad-level2/2025/03/27/KHPX/KHPX20250327_111647_V06', 's3://noaa-nexrad-level2/2025/03/27/KPAH/KPAH20250327_111320_V06', 's3://noaa-nexrad-level2/2025/03/27/KLVX/KLVX20250327_111408_V06', 's3://noaa-nexrad-level2/2025/03/27/KOHX/KOHX20250327_111504_V06']"
107906,F,B738,C75 UA /OV C75/TM 1120/FL190/TP B738/TB LGT CHOP /IC NEG,LGT CHOP,202503271100-KMSC-UBUS01-PIREP,19000.0,41.01929,-89.38642,2025-03-27 11:20:00,1.0,M,"('KILX', 'KDVN', 'KLOT', 'KMKX', 'KLSX')","['s3://noaa-nexrad-level2/2025/03/27/KILX/KILX20250327_111541_V06', 's3://noaa-nexrad-level2/2025/03/27/KDVN/KDVN20250327_111906_V06', 's3://noaa-nexrad-level2/2025/03/27/KLOT/KLOT20250327_111601_V06', 's3://noaa-nexrad-level2/2025/03/27/KMKX/KMKX20250327_111938_V06', 's3://noaa-nexrad-level2/2025/03/27/KLSX/KLSX20250327_111555_V06']"
107907,F,E170,GRD UA /OV SPA/TM 1121/FL280/TP E170/TB NEG/RM ZTLFD 32,NEG,202503271100-KMSC-UBUS01-PIREP,28000.0,34.9157222,-81.9565,2025-03-27 11:21:00,0.0,U,"('KGSP', 'KCAE', 'KMRX', 'KCLX', 'KJGX')","['s3://noaa-nexrad-level2/2025/03/27/KGSP/KGSP20250327_111404_V06', 's3://noaa-nexrad-level2/2025/03/27/KCAE/KCAE20250327_111643_V06', 's3://noaa-nexrad-level2/2025/03/27/KMRX/KMRX20250327_112019_V06', 's3://noaa-nexrad-level2/2025/03/27/KJGX/KJGX20250327_111815_V06']"
107908,F,B738,BKW UA /OV HCH/TM 1121/FL400/TP B738/TB INTMT LGT CHOP,INTMT LGT CHOP,202503271100-KMSC-UBUS01-PIREP,40000.0,35.78,-84.98,2025-03-27 11:21:00,1.0,M,"('KHTX', 'KMRX', 'KOHX', 'KLVX', 'KFFC')","['s3://noaa-nexrad-level2/2025/03/27/KHTX/KHTX20250327_111948_V06', 's3://noaa-nexrad-level2/2025/03/27/KMRX/KMRX20250327_112019_V06', 's3://noaa-nexrad-level2/2025/03/27/KOHX/KOHX20250327_111504_V06', 's3://noaa-nexrad-level2/2025/03/27/KLVX/KLVX20250327_111839_V06', 's3://noaa-nexrad-level2/2025/03/27/KFFC/KFFC20250327_111523_V06']"
107909,F,A321,SPA UA /OV SPA/TM 1122/FL300/TP A321/TB OCNL LGT/RM ZTLFD 32,OCNL LGT,202503271100-KMSC-UBUS01-PIREP,30000.0,34.9157222,-81.9565,2025-03-27 11:22:00,1.0,M,"('KGSP', 'KCAE', 'KMRX', 'KCLX', 'KJGX')","['s3://noaa-nexrad-level2/2025/03/27/KGSP/KGSP20250327_111404_V06', 's3://noaa-nexrad-level2/2025/03/27/KCAE/KCAE20250327_111643_V06', 's3://noaa-nexrad-level2/2025/03/27/KMRX/KMRX20250327_112019_V06', 's3://noaa-nexrad-level2/2025/03/27/KJGX/KJGX20250327_111815_V06']"
107910,F,B737,LOZ UA /OV AZQ080040/TM 1123/FL380/TP B737/TB OCNL LGT CHOP,OCNL LGT CHOP,202503271100-KMSC-UBUS01-PIREP,38000.0,37.50577482878892,-82.4336001950654,2025-03-27 11:23:00,1.0,M,"('KJKL', 'KRLX', 'KMRX', 'KFCX', 'KILN')","['s3://noaa-nexrad-level2/2025/03/27/KJKL/KJKL20250327_112107_V06', 's3://noaa-nexrad-level2/2025/03/27/KRLX/KRLX20250327_111938_V06', 's3://noaa-nexrad-level2/2025/03/27/KMRX/KMRX20250327_112019_V06', 's3://noaa-nexrad-level2/2025/03/27/KFCX/KFCX20250327_112223_V06', 's3://noaa-nexrad-level2/2025/03/27/KILN/KILN20250327_112247_V06']"
107911,F,B737,LEX UA /OV FLM/TM 1124/FL320/TP B737/TB NEG,NEG,202503271100-KMSC-UBUS01-PIREP,32000.0,38.65,-84.31,2025-03-27 11:24:00,0.0,M,"('KILN', 'KJKL', 'KLVX', 'KIND', 'KRLX')","['s3://noaa-nexrad-level2/2025/03/27/KILN/KILN20250327_112247_V06', 's3://noaa-nexrad-level2/2025/03/27/KJKL/KJKL20250327_112107_V06', 's3://noaa-nexrad-level2/2025/03/27/KLVX/KLVX20250327_112318_V06', 's3://noaa-nexrad-level2/2025/03/27/KIND/KIND20250327_112136_V06', 's3://noaa-nexrad-level2/2025/03/27/KRLX/KRLX20250327_111938_V06']"
107912,F,B737,LEX UA /OV FFT/TM 1125/FL360/TP B737/TB NEG,NEG,202503271100-KMSC-UBUS01-PIREP,36000.0,38.18472,-84.90333,2025-03-27 11:25:00,0.0,M,"('KLVX', 'KILN', 'KJKL', 'KIND', 'KMRX')","['s3://noaa-nexrad-level2/2025/03/27/KLVX/KLVX20250327_112318_V06', 's3://noaa-nexrad-level2/2025/03/27/KILN/KILN20250327_112247_V06', 's3://noaa-nexrad-level2/2025/03/27/KJKL/KJKL20250327_112107_V06', 's3://noaa-nexrad-level2/2025/03/27/KIND/KIND20250327_112136_V06', 's3://noaa-nexrad-level2/2025/03/27/KMRX/KMRX20250327_112442_V06']"
107913,F,F2TH,CTJ UA /OV CTJ/TM 1126/FL210/TP F2TH/TB NEG/RM ZTLFD 05,NEG,202503271100-KMSC-UBUS01-PIREP,21000.0,33.6316964,-85.1522641,2025-03-27 11:26:00,0.0,M,"('KFFC', 'KMXX', 'KHTX', 'KBMX', 'KJGX')","['s3://noaa-nexrad-level2/2025/03/27/KFFC/KFFC20250327_112225_V06', 's3://noaa-nexrad-level2/2025/03/27/KMXX/KMXX20250327_112410_V06', 's3://noaa-nexrad-level2/2025/03/27/KHTX/KHTX20250327_112409_V06', 's3://noaa-nexrad-level2/2025/03/27/KBMX/KBMX20250327_112444_V06', 's3://noaa-nexrad-level2/2025/03/27/KJGX/KJGX20250327_112517_V06']"
107914,F,B38M,JOT UA /OV JOT145020/TM 1126/FL175/TP B38M/SK IMC/TB OCNL LGT CHOP /IC NEG,OCNL LGT CHOP,202503271100-KMSC-UBUS01-PIREP,17500.0,41.24461720144303,-87.92024125126326,2025-03-27 11:26:00,1.0,U,"('KLOT', 'KILX', 'KMKX', 'KIWX', 'KIND')","['s3://noaa-nexrad-level2/2025/03/27/KLOT/KLOT20250327_112551_V06', 's3://noaa-nexrad-level2/2025/03/27/KILX/KILX20250327_112028_V06', 's3://noaa-nexrad-level2/2025/03/27/KMKX/KMKX20250327_111938_V06', 's3://noaa-nexrad-level2/2025/03/27/KIWX/KIWX20250327_111945_V06', 's3://noaa-nexrad-level2/2025/03/27/KIND/KIND20250327_112136_V06']"
107915,F,C55B,RMG UA /OV RMG/TM 1128/FL100/TP C55B/TB NEG/RM ZTLFD 05,NEG,202503271100-KMSC-UBUS01-PIREP,10000.0,34.34778,-85.16111,2025-03-27 11:28:00,0.0,U,"('KHTX', 'KFFC', 'KMXX', 'KBMX', 'KOHX')","['s3://noaa-nexrad-level2/2025/03/27/KHTX/KHTX20250327_112409_V06', 's3://noaa-nexrad-level2/2025/03/27/KFFC/KFFC20250327_112225_V06', 's3://noaa-nexrad-level2/2025/03/27/KMXX/KMXX20250327_112410_V06', 's3://noaa-nexrad-level2/2025/03/27/KBMX/KBMX20250327_112444_V06', 's3://noaa-nexrad-level2/2025/03/27/KOHX/KOHX20250327_112134_V06']"
107916,F,BE9L,RMG UA /OV 4A9/TM 1129/FL220/TP BE9L/TB NEG/RM ZTLFD 05,NEG,202503271100-KMSC-UBUS01-PIREP,22000.0,34.47369,-85.72139,2025-03-27 11:29:00,0.0,L,"('KHTX', 'KFFC', 'KBMX', 'KMXX', 'KOHX')","['s3://noaa-nexrad-level2/2025/03/27/KHTX/KHTX20250327_112830_V06', 's3://noaa-nexrad-level2/2025/03/27/KFFC/KFFC20250327_112225_V06', 's3://noaa-nexrad-level2/2025/03/27/KBMX/KBMX20250327_112444_V06', 's3://noaa-nexrad-level2/2025/03/27/KMXX/KMXX20250327_112410_V06', 's3://noaa-nexrad-level2/2025/03/27/KOHX/KOHX20250327_112806_V06']"
107917,F,B738,DSM UA /OV DSM310035/TM 1130/FL380/TP B738/SK TOP340/TB NEG,NEG,202503271100-KMSC-UBUS01-PIREP,38000.0,41.90893981072874,-94.25011849721706,2025-03-27 11:30:00,0.0,M,"('KDMX', 'KOAX', 'KFSD', 'KMPX', 'KEAX')","['s3://noaa-nexrad-level2/2025/03/27/KDMX/KDMX20250327_112546_V06', 's3://noaa-nexrad-level2/2025/03/27/KOAX/KOAX20250327_112906_V06', 's3://noaa-nexrad-level2/2025/03/27/KFSD/KFSD20250327_112800_V06', 's3://noaa-nexrad-level2/2025/03/27/KMPX/KMPX20250327_112636_V06', 's3://noaa-nexrad-level2/2025/03/27/KEAX/KEAX20250327_112635_V06']"
107918,F,E170,RIW UA /OV BOY270050/TM 1132/FL340/TP E170/TB LGT-MOD/ZLC,LGT-MOD,202503271100-KMSC-UBUS01-PIREP,34000.0,43.46,-109.44816473420433,2025-03-27 11:32:00,2.0,U,"('KRIW', 'KBLX', 'KSFX', 'KMTX', 'KTFX')","['s3://noaa-nexrad-level2/2025/03/27/KRIW/KRIW20250327_112815_V06', 's3://noaa-nexrad-level2/2025/03/27/KBLX/KBLX20250327_112854_V06', 's3://noaa-nexrad-level2/2025/03/27/KSFX/KSFX20250327_112835_V06', 's3://noaa-nexrad-level2/2025/03/27/KMTX/KMTX20250327_112444_V06', 's3://noaa-nexrad-level2/2025/03/27/KTFX/KTFX20250327_112931_V06']"
107919,F,B38M,OMN UA /OV OMN070150/TM 1132/FL360/TP B38M/TB OCNL MOD CHOP,OCNL MOD CHOP,202503271100-KMSC-UBUS01-PIREP,36000.0,30.155679617462454,-78.41951814223994,2025-03-27 11:32:00,3.0,U,"('KMLB', 'KJAX', 'KCLX', 'KLTX', 'KVAX')","['s3://noaa-nexrad-level2/2025/03/27/KMLB/KMLB20250327_112654_V06', 's3://noaa-nexrad-level2/2025/03/27/KJAX/KJAX20250327_113159_V06', 's3://noaa-nexrad-level2/2025/03/27/KLTX/KLTX20250327_113016_V06', 's3://noaa-nexrad-level2/2025/03/27/KVAX/KVAX20250327_112838_V06']"
107920,F,B737,HTS UA /OV YRK/TM 1134/FL360/TP B737/TB LGT CHOP,LGT CHOP,202503271100-KMSC-UBUS01-PIREP,36000.0,38.64,-82.98,2025-03-27 11:34:00,1.0,M,"('KJKL', 'KILN', 'KRLX', 'KMRX', 'KCLE')","['s3://noaa-nexrad-level2/2025/03/27/KJKL/KJKL20250327_112753_V06', 's3://noaa-nexrad-level2/2025/03/27/KILN/KILN20250327_113144_V06', 's3://noaa-nexrad-level2/2025/03/27/KRLX/KRLX20250327_113311_V06', 's3://noaa-nexrad-level2/2025/03/27/KMRX/KMRX20250327_113320_V06', 's3://noaa-nexrad-level2/2025/03/27/KCLE/KCLE20250327_112830_V06']"
107921,F,B712,MCI UA /OV MCI190003/TM 1136/FL030/TP B712/TB MOD TURB BLO 030,MOD TURB BLO 030,202503271100-KMSC-UBUS01-PIREP,3000.0,39.248365623874,-94.72513042459012,2025-03-27 11:36:00,3.0,M,"('KEAX', 'KTWX', 'KSGF', 'KOAX', 'KDMX')","['s3://noaa-nexrad-level2/2025/03/27/KEAX/KEAX20250327_113328_V06', 's3://noaa-nexrad-level2/2025/03/27/KTWX/KTWX20250327_113231_V06', 's3://noaa-nexrad-level2/2025/03/27/KSGF/KSGF20250327_113213_V06', 's3://noaa-nexrad-level2/2025/03/27/KOAX/KOAX20250327_113547_V06', 's3://noaa-nexrad-level2/2025/03/27/KDMX/KDMX20250327_113518_V06']"
107922,F,A321,MGM UA /OV MGM/TM 1136/FL320/TP A321/TB LGT CHOP/RM ZTLFD 11,LGT CHOP,202503271100-KMSC-UBUS01-PIREP,32000.0,32.30064,-86.39397,2025-03-27 11:36:00,1.0,M,"('KMXX', 'KBMX', 'KEOX', 'KEVX', 'KFFC')","['s3://noaa-nexrad-level2/2025/03/27/KMXX/KMXX20250327_113113_V06', 's3://noaa-nexrad-level2/2025/03/27/KBMX/KBMX20250327_113323_V06', 's3://noaa-nexrad-level2/2025/03/27/KEOX/KEOX20250327_113136_V06', 's3://noaa-nexrad-level2/2025/03/27/KEVX/KEVX20250327_112828_V06', 's3://noaa-nexrad-level2/2025/03/27/KFFC/KFFC20250327_112916_V06']"
107923,F,B738,IOW UA /OV IOW/TM 1139/FL320/TP B738/TB NEG,NEG,202503271100-KMSC-UBUS01-PIREP,32000.0,41.63939,-91.544535,2025-03-27 11:39:00,0.0,M,"('KDVN', 'KDMX', 'KARX', 'KILX', 'KLSX')","['s3://noaa-nexrad-level2/2025/03/27/KDVN/KDVN20250327_113640_V06', 's3://noaa-nexrad-level2/2025/03/27/KDMX/KDMX20250327_113518_V06', 's3://noaa-nexrad-level2/2025/03/27/KARX/KARX20250327_113637_V06', 's3://noaa-nexrad-level2/2025/03/27/KILX/KILX20250327_113558_V06', 's3://noaa-nexrad-level2/2025/03/27/KLSX/KLSX20250327_113424_V06']"
107924,F,C68A,CMH UA /OV MXQ265020/TM 1144/FL390/TP C68A/TB CONS LGT CHOP 390-415,CONS LGT CHOP 390-415,202503271100-KMSC-UBUS01-PIREP,39000.0,39.40094573254337,-84.22994732472223,2025-03-27 11:44:00,1.0,U,"('KILN', 'KJKL', 'KIND', 'KLVX', 'KIWX')","['s3://noaa-nexrad-level2/2025/03/27/KILN/KILN20250327_114057_V06', 's3://noaa-nexrad-level2/2025/03/27/KJKL/KJKL20250327_114126_V06', 's3://noaa-nexrad-level2/2025/03/27/KIND/KIND20250327_114313_V06', 's3://noaa-nexrad-level2/2025/03/27/KLVX/KLVX20250327_114154_V06', 's3://noaa-nexrad-level2/2025/03/27/KIWX/KIWX20250327_114029_V06']"
107925,F,A321,TCL UA /OV LDK/TM 1145/FL320/TP A321/TB OCNL LGT CHOP/RM ZTL FD 03,OCNL LGT CHOP,202503271100-KMSC-UBUS01-PIREP,32000.0,33.26,-87.54,2025-03-27 11:45:00,1.0,M,"('KBMX', 'KGWX', 'KMXX', 'KHTX', 'KDGX')","['s3://noaa-nexrad-level2/2025/03/27/KBMX/KBMX20250327_114203_V06', 's3://noaa-nexrad-level2/2025/03/27/KGWX/KGWX20250327_113905_V06', 's3://noaa-nexrad-level2/2025/03/27/KMXX/KMXX20250327_113816_V06', 's3://noaa-nexrad-level2/2025/03/27/KHTX/KHTX20250327_114250_V06', 's3://noaa-nexrad-level2/2025/03/27/KDGX/KDGX20250327_114335_V06']"
107926,F,B737,BMI UA /OV BMI/TM 1146/FL350/TP B737/TB NEG,NEG,202503271100-KMSC-UBUS01-PIREP,35000.0,40.47711,-88.91592,2025-03-27 11:46:00,0.0,M,"('KILX', 'KLOT', 'KDVN', 'KLSX', 'KVWX')","['s3://noaa-nexrad-level2/2025/03/27/KILX/KILX20250327_114546_V06', 's3://noaa-nexrad-level2/2025/03/27/KLOT/KLOT20250327_114545_V06', 's3://noaa-nexrad-level2/2025/03/27/KDVN/KDVN20250327_114554_V06', 's3://noaa-nexrad-level2/2025/03/27/KLSX/KLSX20250327_114029_V06', 's3://noaa-nexrad-level2/2025/03/27/KVWX/KVWX20250327_114306_V06']"
107927,F,A320,SDF UA /OV FRH/TM 1146/FL250/TP A320/TB NEG,NEG,202503271100-KMSC-UBUS01-PIREP,25000.0,38.5062222,-86.6369444,2025-03-27 11:46:00,0.0,M,"('KLVX', 'KVWX', 'KIND', 'KHPX', 'KOHX')","['s3://noaa-nexrad-level2/2025/03/27/KLVX/KLVX20250327_114154_V06', 's3://noaa-nexrad-level2/2025/03/27/KVWX/KVWX20250327_114306_V06', 's3://noaa-nexrad-level2/2025/03/27/KIND/KIND20250327_114313_V06', 's3://noaa-nexrad-level2/2025/03/27/KHPX/KHPX20250327_114531_V06', 's3://noaa-nexrad-level2/2025/03/27/KOHX/KOHX20250327_114122_V06']"
107928,F,A321,ELP UA /OV ELP/TM 1146/FL340/TP A321/TB MOD/RM ZAB/FDCS,MOD,202503271100-KMSC-UBUS01-PIREP,34000.0,31.81111,-106.37583,2025-03-27 11:46:00,3.0,M,"('KEPZ', 'KHDX', 'KABX', 'KFDX', 'KMAF')","['s3://noaa-nexrad-level2/2025/03/27/KEPZ/KEPZ20250327_114200_V06', 's3://noaa-nexrad-level2/2025/03/27/KHDX/KHDX20250327_114524_V06', 's3://noaa-nexrad-level2/2025/03/27/KABX/KABX20250327_114258_V06', 's3://noaa-nexrad-level2/2025/03/27/KFDX/KFDX20250327_114255_V06', 's3://noaa-nexrad-level2/2025/03/27/KMAF/KMAF20250327_114307_V06']"
107929,F,B738,SDA UA /OV SDA/TM 1148/FL170/TP B738/SK SKC/TB NEG/IC NEG,NEG,202503271100-KMSC-UBUS01-PIREP,17000.0,40.753275,-95.4112333333,2025-03-27 11:48:00,0.0,M,"('KOAX', 'KTWX', 'KDMX', 'KEAX', 'KUEX')","['s3://noaa-nexrad-level2/2025/03/27/KOAX/KOAX20250327_114547_V06', 's3://noaa-nexrad-level2/2025/03/27/KTWX/KTWX20250327_114617_V06', 's3://noaa-nexrad-level2/2025/03/27/KDMX/KDMX20250327_114449_V06', 's3://noaa-nexrad-level2/2025/03/27/KEAX/KEAX20250327_114626_V06', 's3://noaa-nexrad-level2/2025/03/27/KUEX/KUEX20250327_114521_V06']"
107930,F,B752,ORD UA /OV WYNDE/TM 1149/FL120/TP B752/SK TOPS 125/TB LGT,LGT,202503271100-KMSC-UBUS01-PIREP,12000.0,41.98754,-87.93193,2025-03-27 11:49:00,1.0,M,"('KLOT', 'KMKX', 'KILX', 'KIWX', 'KGRB')","['s3://noaa-nexrad-level2/2025/03/27/KLOT/KLOT20250327_114545_V06', 's3://noaa-nexrad-level2/2025/03/27/KMKX/KMKX20250327_114741_V06', 's3://noaa-nexrad-level2/2025/03/27/KILX/KILX20250327_114546_V06', 's3://noaa-nexrad-level2/2025/03/27/KIWX/KIWX20250327_114722_V06', 's3://noaa-nexrad-level2/2025/03/27/KGRB/KGRB20250327_114216_V06']"
107931,F,B38M,CSV UA /OV HCH/TM 1150/FL400/TP B38M/TB CONS LGT /RM ZTFD 40,CONS LGT,202503271100-KMSC-UBUS01-PIREP,40000.0,35.78,-84.98,2025-03-27 11:50:00,1.0,U,"('KHTX', 'KMRX', 'KOHX', 'KLVX', 'KFFC')","['s3://noaa-nexrad-level2/2025/03/27/KHTX/KHTX20250327_114712_V06', 's3://noaa-nexrad-level2/2025/03/27/KMRX/KMRX20250327_114657_V06', 's3://noaa-nexrad-level2/2025/03/27/KOHX/KOHX20250327_114753_V06', 's3://noaa-nexrad-level2/2025/03/27/KLVX/KLVX20250327_114632_V06', 's3://noaa-nexrad-level2/2025/03/27/KFFC/KFFC20250327_114317_V06']"
107932,F,CRJ2,DAY UA /OV DQN/TM 1151/FL230/TP CRJ2/TB NEG,NEG,202503271200-KMSC-UBUS01-PIREP,23000.0,40.02,-84.4,2025-03-27 11:51:00,0.0,M,"('KILN', 'KIWX', 'KIND', 'KLVX', 'KJKL')","['s3://noaa-nexrad-level2/2025/03/27/KILN/KILN20250327_115005_V06', 's3://noaa-nexrad-level2/2025/03/27/KIWX/KIWX20250327_114722_V06', 's3://noaa-nexrad-level2/2025/03/27/KIND/KIND20250327_115026_V06', 's3://noaa-nexrad-level2/2025/03/27/KLVX/KLVX20250327_114632_V06', 's3://noaa-nexrad-level2/2025/03/27/KJKL/KJKL20250327_114811_V06']"
107933,F,C206,ZZV UA /OV 10G/TM 1152/FL080/TP C206/SK SKC/TB NEG/IC NEG,NEG,202503271200-KMSC-UBUS01-PIREP,8000.0,40.5372,-81.9544,2025-03-27 11:52:00,0.0,L,"('KCLE', 'KPBZ', 'KILN', 'KRLX', 'KDTX')","['s3://noaa-nexrad-level2/2025/03/27/KCLE/KCLE20250327_114850_V06', 's3://noaa-nexrad-level2/2025/03/27/KPBZ/KPBZ20250327_115057_V06', 's3://noaa-nexrad-level2/2025/03/27/KILN/KILN20250327_115005_V06', 's3://noaa-nexrad-level2/2025/03/27/KRLX/KRLX20250327_114702_V06', 's3://noaa-nexrad-level2/2025/03/27/KDTX/KDTX20250327_115106_V06']"
107934,F,E170,ORD UA /OV 140040/TM 1154/FL140/TP E170/SK IMC/TB MOD,MOD,202503271200-KMSC-UBUS01-PIREP,14000.0,41.98754,-87.93193,2025-03-27 11:54:00,3.0,U,"('KLOT', 'KMKX', 'KILX', 'KIWX', 'KGRB')","['s3://noaa-nexrad-level2/2025/03/27/KLOT/KLOT20250327_115040_V06', 's3://noaa-nexrad-level2/2025/03/27/KMKX/KMKX20250327_114741_V06', 's3://noaa-nexrad-level2/2025/03/27/KILX/KILX20250327_115032_V06', 's3://noaa-nexrad-level2/2025/03/27/KIWX/KIWX20250327_114722_V06', 's3://noaa-nexrad-level2/2025/03/27/KGRB/KGRB20250327_114920_V06']"
107935,F,B757,TME UA /OV IDU315020/TM 1157/FL300/TP B757/TB MOD CHOP/RM ZHU,MOD CHOP,202503271100-KMSC-UBUS01-PIREP,30000.0,30.1957213522977,-96.832077973195,2025-03-27 11:57:00,3.0,M,"('KGRK', 'KEWX', 'KHGX', 'KFWS', 'KCRP')","['s3://noaa-nexrad-level2/2025/03/27/KGRK/KGRK20250327_115443_V06', 's3://noaa-nexrad-level2/2025/03/27/KEWX/KEWX20250327_115238_V06', 's3://noaa-nexrad-level2/2025/03/27/KHGX/KHGX20250327_115043_V06', 's3://noaa-nexrad-level2/2025/03/27/KFWS/KFWS20250327_115311_V06', 's3://noaa-nexrad-level2/2025/03/27/KCRP/KCRP20250327_115621_V06']"
107936,F,A321,MBPV UA /OV PVN122020/TM 1157/FL300/TP A321/TB LGT CHOP,LGT CHOP,202503271200-KMSC-UBUS01-PIREP,30000.0,21.593345937421155,-71.95558346127062,2025-03-27 11:57:00,1.0,M,"('KAMX', 'KAMX', 'KBYX', 'KMLB', 'KTBW')","['s3://noaa-nexrad-level2/2025/03/27/KAMX/KAMX20250327_115630_V06', 's3://noaa-nexrad-level2/2025/03/27/KAMX/KAMX20250327_115630_V06', 's3://noaa-nexrad-level2/2025/03/27/KBYX/KBYX20250327_115634_V06', 's3://noaa-nexrad-level2/2025/03/27/KMLB/KMLB20250327_115509_V06', 's3://noaa-nexrad-level2/2025/03/27/KTBW/KTBW20250327_115217_V06']"
107937,F,A319,DAY UA /OV ROD/TM 1157/FL240/TP A319/TB NEG,NEG,202503271200-KMSC-UBUS01-PIREP,24000.0,40.29,-84.04,2025-03-27 11:57:00,0.0,M,"('KILN', 'KIWX', 'KIND', 'KCLE', 'KDTX')","['s3://noaa-nexrad-level2/2025/03/27/KILN/KILN20250327_115442_V06', 's3://noaa-nexrad-level2/2025/03/27/KIWX/KIWX20250327_115417_V06', 's3://noaa-nexrad-level2/2025/03/27/KIND/KIND20250327_115026_V06', 's3://noaa-nexrad-level2/2025/03/27/KCLE/KCLE20250327_115536_V06', 's3://noaa-nexrad-level2/2025/03/27/KDTX/KDTX20250327_115106_V06']"
107938,F,A320,OMN UA /OV OMN080190/TM 1159/FL360/TP A320/L/TB MOD,MOD,202503271200-KMSC-UBUS01-PIREP,36000.0,29.8504904367474,-77.53725695908228,2025-03-27 11:59:00,3.0,M,"('KMLB', 'KJAX', 'KLTX', 'KCLX', 'KMHX')","['s3://noaa-nexrad-level2/2025/03/27/KMLB/KMLB20250327_115509_V06', 's3://noaa-nexrad-level2/2025/03/27/KJAX/KJAX20250327_115459_V06', 's3://noaa-nexrad-level2/2025/03/27/KLTX/KLTX20250327_115720_V06', 's3://noaa-nexrad-level2/2025/03/27/KMHX/KMHX20250327_115824_V06']"
107939,F,LJ75,OYM UA /OV SLT350020/TM 1159/FL290/TP LJ75/TB NEG,NEG,202503271200-KMSC-UBUS01-PIREP,29000.0,41.83829584083999,-78.04730277459527,2025-03-27 11:59:00,0.0,U,"('KCCX', 'KBUF', 'KBGM', 'KPBZ', 'KLWX')","['s3://noaa-nexrad-level2/2025/03/27/KCCX/KCCX20250327_115742_V06', 's3://noaa-nexrad-level2/2025/03/27/KBUF/KBUF20250327_115451_V06', 's3://noaa-nexrad-level2/2025/03/27/KBGM/KBGM20250327_115341_V06', 's3://noaa-nexrad-level2/2025/03/27/KPBZ/KPBZ20250327_115744_V06', 's3://noaa-nexrad-level2/2025/03/27/KLWX/KLWX20250327_115447_V06']"
107940,F,B738,WRB UA /OV VNA210003/TM 1200/FL360/TP B738/TB CONS LGT CHOP/RM ZTLFD 24,CONS LGT CHOP,202503271200-KMSC-UBUS01-PIREP,36000.0,32.166695222404385,-83.52954972297067,2025-03-27 12:00:00,1.0,M,"('KJGX', 'KVAX', 'KFFC', 'KTLH', 'KEOX')","['s3://noaa-nexrad-level2/2025/03/27/KJGX/KJGX20250327_115324_V06', 's3://noaa-nexrad-level2/2025/03/27/KVAX/KVAX20250327_115836_V06', 's3://noaa-nexrad-level2/2025/03/27/KFFC/KFFC20250327_115719_V06', 's3://noaa-nexrad-level2/2025/03/27/KTLH/KTLH20250327_115942_V06', 's3://noaa-nexrad-level2/2025/03/27/KEOX/KEOX20250327_115955_V06']"
107941,F,B763,MBPV UA /OV PVN360090/TM 1201/FL370/TP B763/TB LGT-MOD CHOP,LGT-MOD CHOP,202503271200-KMSC-UBUS01-PIREP,37000.0,23.2701215001215,-72.26,2025-03-27 12:01:00,2.0,H,"('KAMX', 'KAMX', 'KBYX', 'KMLB', 'KTBW')","['s3://noaa-nexrad-level2/2025/03/27/KAMX/KAMX20250327_120052_V06', 's3://noaa-nexrad-level2/2025/03/27/KAMX/KAMX20250327_120052_V06', 's3://noaa-nexrad-level2/2025/03/27/KBYX/KBYX20250327_115634_V06', 's3://noaa-nexrad-level2/2025/03/27/KMLB/KMLB20250327_115509_V06', 's3://noaa-nexrad-level2/2025/03/27/KTBW/KTBW20250327_115917_V06']"
107942,F,BE40,GRD UA /OV GRD/TM 1201/FL280/TP BE40/TB NEG/RM ZTLFD 32,NEG,202503271200-KMSC-UBUS01-PIREP,28000.0,34.25,-82.16,2025-03-27 12:01:00,0.0,M,"('KGSP', 'KCAE', 'KCLX', 'KJGX', 'KMRX')","['s3://noaa-nexrad-level2/2025/03/27/KGSP/KGSP20250327_115738_V06', 's3://noaa-nexrad-level2/2025/03/27/KCAE/KCAE20250327_115726_V06', 's3://noaa-nexrad-level2/2025/03/27/KJGX/KJGX20250327_120026_V06', 's3://noaa-nexrad-level2/2025/03/27/KMRX/KMRX20250327_120055_V06']"
107943,F,SF50,SPA UA /OV SPA/TM 1201/FL300/TP SF50/TB NEG/RM ZTLFD 32,NEG,202503271200-KMSC-UBUS01-PIREP,30000.0,34.9157222,-81.9565,2025-03-27 12:01:00,0.0,U,"('KGSP', 'KCAE', 'KMRX', 'KCLX', 'KJGX')","['s3://noaa-nexrad-level2/2025/03/27/KGSP/KGSP20250327_115738_V06', 's3://noaa-nexrad-level2/2025/03/27/KCAE/KCAE20250327_115726_V06', 's3://noaa-nexrad-level2/2025/03/27/KMRX/KMRX20250327_120055_V06', 's3://noaa-nexrad-level2/2025/03/27/KJGX/KJGX20250327_120026_V06']"
107944,F,E175,VCT UA /OV KVCT/TM 1201/FL230/TP E175/TB MOD CHOP/RM ZHU,MOD CHOP,202503271200-KMSC-UBUS01-PIREP,23000.0,28.8614,-96.9303,2025-03-27 12:01:00,3.0,U,"('KCRP', 'KEWX', 'KGRK', 'KHGX', 'KBRO')","['s3://noaa-nexrad-level2/2025/03/27/KCRP/KCRP20250327_115621_V06', 's3://noaa-nexrad-level2/2025/03/27/KEWX/KEWX20250327_115736_V06', 's3://noaa-nexrad-level2/2025/03/27/KGRK/KGRK20250327_120047_V06', 's3://noaa-nexrad-level2/2025/03/27/KHGX/KHGX20250327_115746_V06', 's3://noaa-nexrad-level2/2025/03/27/KBRO/KBRO20250327_120007_V06']"
107945,F,E190,LFK UA /OV LFK360030/TM 1202/FL360/TP E190/TB LGT CONS CHOP/RM ZFW,LGT CONS CHOP,202503271200-KMSC-UBUS01-PIREP,36000.0,31.734050500040503,-94.75,2025-03-27 12:02:00,1.0,U,"('KSHV', 'KPOE', 'KLCH', 'KHGX', 'KFWS')","['s3://noaa-nexrad-level2/2025/03/27/KSHV/KSHV20250327_115339_V06', 's3://noaa-nexrad-level2/2025/03/27/KPOE/KPOE20250327_115832_V06', 's3://noaa-nexrad-level2/2025/03/27/KLCH/KLCH20250327_115805_V06', 's3://noaa-nexrad-level2/2025/03/27/KHGX/KHGX20250327_115746_V06', 's3://noaa-nexrad-level2/2025/03/27/KFWS/KFWS20250327_120006_V06']"
107946,F,C560,AGS UA /OV IRQ/TM 1203/FL390/TP C560/TB NEG/RM ZTLFD 24,NEG,202503271200-KMSC-UBUS01-PIREP,39000.0,33.71,-82.16,2025-03-27 12:03:00,0.0,M,"('KCAE', 'KGSP', 'KCLX', 'KJGX', 'KFFC')","['s3://noaa-nexrad-level2/2025/03/27/KCAE/KCAE20250327_115726_V06', 's3://noaa-nexrad-level2/2025/03/27/KGSP/KGSP20250327_115738_V06', 's3://noaa-nexrad-level2/2025/03/27/KJGX/KJGX20250327_120026_V06', 's3://noaa-nexrad-level2/2025/03/27/KFFC/KFFC20250327_115719_V06']"
107947,F,E75L,MCW UA /OV MCW/TM 1203/FL240/TP E75L/SK TOP150/TB NEG,NEG,202503271200-KMSC-UBUS01-PIREP,24000.0,43.154383,-93.326097,2025-03-27 12:03:00,0.0,U,"('KDMX', 'KMPX', 'KARX', 'KDVN', 'KFSD')","['s3://noaa-nexrad-level2/2025/03/27/KDMX/KDMX20250327_120155_V06', 's3://noaa-nexrad-level2/2025/03/27/KMPX/KMPX20250327_120007_V06', 's3://noaa-nexrad-level2/2025/03/27/KARX/KARX20250327_120141_V06', 's3://noaa-nexrad-level2/2025/03/27/KDVN/KDVN20250327_115928_V06', 's3://noaa-nexrad-level2/2025/03/27/KFSD/KFSD20250327_120251_V06']"
107948,F,BCS3,DEN UA /OV DEN270040/TM 1205/FL220/TP BCS3/TB LGT OCNL MOD CHOP/RM ZDVWC-06,LGT OCNL MOD CHOP,202503271200-KMSC-UBUS01-PIREP,22000.0,39.8328,-105.52571974957895,2025-03-27 12:05:00,2.0,U,"('KFTG', 'KCYS', 'KPUX', 'KGJX', 'KGLD')","['s3://noaa-nexrad-level2/2025/03/27/KFTG/KFTG20250327_120122_V06', 's3://noaa-nexrad-level2/2025/03/27/KCYS/KCYS20250327_115642_V06', 's3://noaa-nexrad-level2/2025/03/27/KPUX/KPUX20250327_120419_V06', 's3://noaa-nexrad-level2/2025/03/27/KGJX/KGJX20250327_115652_V06', 's3://noaa-nexrad-level2/2025/03/27/KGLD/KGLD20250327_115815_V06']"
107949,F,B737,CVN UA /OV TXO/TM 1205/FL360/TP B737/TB CONS LGT CHOP/RM ZAB/FDCS,CONS LGT CHOP,202503271200-KMSC-UBUS01-PIREP,36000.0,34.5,-102.84,2025-03-27 12:05:00,1.0,M,"('KFDX', 'KLBB', 'KAMA', 'KMAF', 'KHDX')","['s3://noaa-nexrad-level2/2025/03/27/KFDX/KFDX20250327_120332_V06', 's3://noaa-nexrad-level2/2025/03/27/KLBB/KLBB20250327_120158_V06', 's3://noaa-nexrad-level2/2025/03/27/KAMA/KAMA20250327_120227_V06', 's3://noaa-nexrad-level2/2025/03/27/KMAF/KMAF20250327_120104_V06', 's3://noaa-nexrad-level2/2025/03/27/KHDX/KHDX20250327_115934_V06']"
107950,F,A320,VRB UA /OV TRV055/TM 1205/FL360/TP A320/SK SKC/TB NEG,NEG,202503271200-KMSC-UBUS01-PIREP,36000.0,27.68,-80.49,2025-03-27 12:05:00,0.0,M,"('KMLB', 'KTBW', 'KAMX', 'KAMX', 'KJAX')","['s3://noaa-nexrad-level2/2025/03/27/KMLB/KMLB20250327_120213_V06', 's3://noaa-nexrad-level2/2025/03/27/KTBW/KTBW20250327_115917_V06', 's3://noaa-nexrad-level2/2025/03/27/KAMX/KAMX20250327_120052_V06', 's3://noaa-nexrad-level2/2025/03/27/KAMX/KAMX20250327_120052_V06', 's3://noaa-nexrad-level2/2025/03/27/KJAX/KJAX20250327_120408_V06']"
107951,F,CRJ7,GJT UA /OV JNC295040/TM 1206/FL220/TP CRJ7/TB NEG AOB 220/RM ZDVWC-11,NEG AOB 220,202503271200-KMSC-UBUS01-PIREP,22000.0,39.34176832923609,-109.56819011940873,2025-03-27 12:06:00,0.0,M,"('KGJX', 'KMTX', 'KICX', 'KRIW', 'KSFX')","['s3://noaa-nexrad-level2/2025/03/27/KGJX/KGJX20250327_120529_V06', 's3://noaa-nexrad-level2/2025/03/27/KMTX/KMTX20250327_115954_V06', 's3://noaa-nexrad-level2/2025/03/27/KICX/KICX20250327_120343_V06', 's3://noaa-nexrad-level2/2025/03/27/KRIW/KRIW20250327_120300_V06', 's3://noaa-nexrad-level2/2025/03/27/KSFX/KSFX20250327_120351_V06']"
107952,F,E135,PKB UA /OV PKB/TM 1206/FL050/TP E135/SK SKC/TB NEG/IC NEG,NEG,202503271200-KMSC-UBUS01-PIREP,5000.0,39.33948267,-81.44378792,2025-03-27 12:06:00,0.0,M,"('KRLX', 'KPBZ', 'KCLE', 'KILN', 'KJKL')","['s3://noaa-nexrad-level2/2025/03/27/KRLX/KRLX20250327_120035_V06', 's3://noaa-nexrad-level2/2025/03/27/KPBZ/KPBZ20250327_120436_V06', 's3://noaa-nexrad-level2/2025/03/27/KCLE/KCLE20250327_120222_V06', 's3://noaa-nexrad-level2/2025/03/27/KILN/KILN20250327_120355_V06', 's3://noaa-nexrad-level2/2025/03/27/KJKL/KJKL20250327_120144_V06']"
107953,F,E170,W22 UA /OV EKN/TM 1207/FL260/TP E170/TB CONS LGT,CONS LGT,202503271200-KMSC-UBUS01-PIREP,26000.0,38.88528,-79.85278,2025-03-27 12:07:00,1.0,U,"('KPBZ', 'KFCX', 'KRLX', 'KLWX', 'KCCX')","['s3://noaa-nexrad-level2/2025/03/27/KPBZ/KPBZ20250327_120436_V06', 's3://noaa-nexrad-level2/2025/03/27/KFCX/KFCX20250327_120436_V06', 's3://noaa-nexrad-level2/2025/03/27/KRLX/KRLX20250327_120035_V06', 's3://noaa-nexrad-level2/2025/03/27/KLWX/KLWX20250327_120150_V06', 's3://noaa-nexrad-level2/2025/03/27/KCCX/KCCX20250327_120428_V06']"
107954,F,B752,WRB UA /OV MCN250040/TM 1207/FL290/TP B752/TB CONS LGT CHOP/RM ZTLFD 24,CONS LGT CHOP,202503271200-KMSC-UBUS01-PIREP,29000.0,32.464818102010014,-84.39365953088459,2025-03-27 12:07:00,1.0,M,"('KFFC', 'KJGX', 'KMXX', 'KEOX', 'KTLH')","['s3://noaa-nexrad-level2/2025/03/27/KFFC/KFFC20250327_120419_V06', 's3://noaa-nexrad-level2/2025/03/27/KJGX/KJGX20250327_120026_V06', 's3://noaa-nexrad-level2/2025/03/27/KMXX/KMXX20250327_120628_V06', 's3://noaa-nexrad-level2/2025/03/27/KEOX/KEOX20250327_120324_V06', 's3://noaa-nexrad-level2/2025/03/27/KTLH/KTLH20250327_120640_V06']"
107955,F,E75,BOI UA /OV BOI305040/TM 1209/FL230/TP E75/TB LGT CONS 170-230 DURC/ZLC,LGT CONS 170-230 DURC,202503271200-KMSC-UBUS01-PIREP,23000.0,43.94908526405924,-116.99430830432809,2025-03-27 12:09:00,1.0,U,"('KCBX', 'KPDT', 'KLRX', 'KOTX', 'KMSX')","['s3://noaa-nexrad-level2/2025/03/27/KCBX/KCBX20250327_120438_V06', 's3://noaa-nexrad-level2/2025/03/27/KPDT/KPDT20250327_120846_V06', 's3://noaa-nexrad-level2/2025/03/27/KLRX/KLRX20250327_120556_V06', 's3://noaa-nexrad-level2/2025/03/27/KOTX/KOTX20250327_120741_V06', 's3://noaa-nexrad-level2/2025/03/27/KMSX/KMSX20250327_120819_V06']"
107956,F,B737,RMG UA /OV RMG045050/TM 1209/FL300/TP B737/TB OCNL LGT CHOP/RM ZTLFD 06,OCNL LGT CHOP,202503271200-KMSC-UBUS01-PIREP,30000.0,34.93708338074425,-84.44734626025851,2025-03-27 12:09:00,1.0,M,"('KFFC', 'KMRX', 'KHTX', 'KGSP', 'KOHX')","['s3://noaa-nexrad-level2/2025/03/27/KFFC/KFFC20250327_120419_V06', 's3://noaa-nexrad-level2/2025/03/27/KMRX/KMRX20250327_120534_V06', 's3://noaa-nexrad-level2/2025/03/27/KHTX/KHTX20250327_120842_V06', 's3://noaa-nexrad-level2/2025/03/27/KGSP/KGSP20250327_120621_V06', 's3://noaa-nexrad-level2/2025/03/27/KOHX/KOHX20250327_120608_V06']"
107957,F,SF50,AGS UA /OV IRQ/TM 1210/FL300/TP SF50/TB NEG/RM ZTLFD 24,NEG,202503271200-KMSC-UBUS01-PIREP,30000.0,33.71,-82.16,2025-03-27 12:10:00,0.0,U,"('KCAE', 'KGSP', 'KCLX', 'KJGX', 'KFFC')","['s3://noaa-nexrad-level2/2025/03/27/KCAE/KCAE20250327_120421_V06', 's3://noaa-nexrad-level2/2025/03/27/KGSP/KGSP20250327_120621_V06', 's3://noaa-nexrad-level2/2025/03/27/KJGX/KJGX20250327_120727_V06', 's3://noaa-nexrad-level2/2025/03/27/KFFC/KFFC20250327_120419_V06']"
107958,F,BCS3,CSG UA /OV CSG/TM 1210/FL300/TP BCS3/TB INTMT LGT CHOP/RM ZTLFD 09,INTMT LGT CHOP,202503271200-KMSC-UBUS01-PIREP,30000.0,32.51611,-84.94222,2025-03-27 12:10:00,1.0,U,"('KMXX', 'KFFC', 'KEOX', 'KJGX', 'KBMX')","['s3://noaa-nexrad-level2/2025/03/27/KMXX/KMXX20250327_120628_V06', 's3://noaa-nexrad-level2/2025/03/27/KFFC/KFFC20250327_120419_V06', 's3://noaa-nexrad-level2/2025/03/27/KEOX/KEOX20250327_120705_V06', 's3://noaa-nexrad-level2/2025/03/27/KJGX/KJGX20250327_120727_V06', 's3://noaa-nexrad-level2/2025/03/27/KBMX/KBMX20250327_120920_V06']"
107959,F,B738,GAD UA /OV GAD265008/TM 1210/FL380/TP B738/TB NEG/RM SMOOTH ZTLFD 02,NEG,202503271200-KMSC-UBUS01-PIREP,38000.0,33.96102829301735,-86.24925847905416,2025-03-27 12:10:00,0.0,M,"('KBMX', 'KHTX', 'KMXX', 'KFFC', 'KGWX')","['s3://noaa-nexrad-level2/2025/03/27/KBMX/KBMX20250327_120920_V06', 's3://noaa-nexrad-level2/2025/03/27/KHTX/KHTX20250327_120842_V06', 's3://noaa-nexrad-level2/2025/03/27/KMXX/KMXX20250327_120628_V06', 's3://noaa-nexrad-level2/2025/03/27/KFFC/KFFC20250327_120419_V06', 's3://noaa-nexrad-level2/2025/03/27/KGWX/KGWX20250327_120730_V06']"
107960,F,BE9L,PGA UA /OV TBC055048/TM 1210/FL130/TP BE9L/TB LGT 210-130/RM ZDVWC-68,LGT 210-130,202503271200-KMSC-UBUS01-PIREP,13000.0,36.57889831687108,-110.45867595598116,2025-03-27 12:10:00,1.0,L,"('KFSX', 'KFSX', 'KICX', 'KGJX', 'KIWA')","['s3://noaa-nexrad-level2/2025/03/27/KFSX/KFSX20250327_120423_V06', 's3://noaa-nexrad-level2/2025/03/27/KFSX/KFSX20250327_120423_V06', 's3://noaa-nexrad-level2/2025/03/27/KICX/KICX20250327_120747_V06', 's3://noaa-nexrad-level2/2025/03/27/KGJX/KGJX20250327_120529_V06', 's3://noaa-nexrad-level2/2025/03/27/KIWA/KIWA20250327_120922_V06']"
107961,F,E190,SHV UA /OV FZT090015/TM 1211/FL360/TP E190/TB LGT CONS CHOP MOD OCNL CHOP/RM ZFW,LGT CONS CHOP MOD OCNL CHOP,202503271200-KMSC-UBUS01-PIREP,36000.0,32.07,-95.23495605761774,2025-03-27 12:11:00,2.0,U,"('KSHV', 'KFWS', 'KPOE', 'KGRK', 'KHGX')","['s3://noaa-nexrad-level2/2025/03/27/KSHV/KSHV20250327_120326_V06', 's3://noaa-nexrad-level2/2025/03/27/KFWS/KFWS20250327_120702_V06', 's3://noaa-nexrad-level2/2025/03/27/KPOE/KPOE20250327_120932_V06', 's3://noaa-nexrad-level2/2025/03/27/KGRK/KGRK20250327_120952_V06', 's3://noaa-nexrad-level2/2025/03/27/KHGX/KHGX20250327_120450_V06']"
107962,F,A321,BHM UA /OV VUZ/TM 1211/FL300/TP A321/TB OCNL LGT CHOP/RM ZTLFD 03,OCNL LGT CHOP,202503271200-KMSC-UBUS01-PIREP,30000.0,33.67,-86.9,2025-03-27 12:11:00,1.0,M,"('KBMX', 'KGWX', 'KHTX', 'KMXX', 'KFFC')","['s3://noaa-nexrad-level2/2025/03/27/KBMX/KBMX20250327_120920_V06', 's3://noaa-nexrad-level2/2025/03/27/KGWX/KGWX20250327_120730_V06', 's3://noaa-nexrad-level2/2025/03/27/KHTX/KHTX20250327_120842_V06', 's3://noaa-nexrad-level2/2025/03/27/KMXX/KMXX20250327_120628_V06', 's3://noaa-nexrad-level2/2025/03/27/KFFC/KFFC20250327_120419_V06']"
107963,F,A321,ILM UA /OV ILM196245/TM 1211/FL350/TP A321/TB CONS MOD CHOP,CONS MOD CHOP,202503271200-KMSC-UBUS01-PIREP,35000.0,30.344530137294665,-79.26207596066908,2025-03-27 12:11:00,3.0,M,"('KJAX', 'KMLB', 'KCLX', 'KLTX', 'KVAX')","['s3://noaa-nexrad-level2/2025/03/27/KJAX/KJAX20250327_120843_V06', 's3://noaa-nexrad-level2/2025/03/27/KMLB/KMLB20250327_120917_V06', 's3://noaa-nexrad-level2/2025/03/27/KLTX/KLTX20250327_121056_V06', 's3://noaa-nexrad-level2/2025/03/27/KVAX/KVAX20250327_120751_V06']"
107964,F,B738,VRB UA /OV TRV/TM 1212/FL280/TP B738/TB LGT CHOP,LGT CHOP,202503271200-KMSC-UBUS01-PIREP,28000.0,27.68,-80.49,2025-03-27 12:12:00,1.0,M,"('KMLB', 'KTBW', 'KAMX', 'KAMX', 'KJAX')","['s3://noaa-nexrad-level2/2025/03/27/KMLB/KMLB20250327_120917_V06', 's3://noaa-nexrad-level2/2025/03/27/KTBW/KTBW20250327_120623_V06', 's3://noaa-nexrad-level2/2025/03/27/KAMX/KAMX20250327_120936_V06', 's3://noaa-nexrad-level2/2025/03/27/KAMX/KAMX20250327_120936_V06', 's3://noaa-nexrad-level2/2025/03/27/KJAX/KJAX20250327_120843_V06']"
107965,F,C25M,HDN UA /OV CHE015025/TM 1213/FL230/TP C25M/TB NEG AOB 230/RM ZDVWC-77,NEG AOB 230,202503271200-KMSC-UBUS01-PIREP,23000.0,40.92250169431635,-107.16812555614734,2025-03-27 12:13:00,0.0,U,"('KGJX', 'KCYS', 'KRIW', 'KFTG', 'KPUX')","['s3://noaa-nexrad-level2/2025/03/27/KGJX/KGJX20250327_120529_V06', 's3://noaa-nexrad-level2/2025/03/27/KCYS/KCYS20250327_120626_V06', 's3://noaa-nexrad-level2/2025/03/27/KRIW/KRIW20250327_121140_V06', 's3://noaa-nexrad-level2/2025/03/27/KFTG/KFTG20250327_120825_V06', 's3://noaa-nexrad-level2/2025/03/27/KPUX/KPUX20250327_121124_V06']"
107966,F,CRJ7,C75 UA /OV BDF090010/TM 1214/FL150/TP CRJ7/SK TOP 175/TB OCNL LGT CHOP 170-110,OCNL LGT CHOP 170-110,202503271200-KMSC-UBUS01-PIREP,15000.0,41.16,-89.36860832114255,2025-03-27 12:14:00,1.0,M,"('KILX', 'KDVN', 'KLOT', 'KMKX', 'KLSX')","['s3://noaa-nexrad-level2/2025/03/27/KILX/KILX20250327_120955_V06', 's3://noaa-nexrad-level2/2025/03/27/KDVN/KDVN20250327_121210_V06', 's3://noaa-nexrad-level2/2025/03/27/KLOT/KLOT20250327_120935_V06', 's3://noaa-nexrad-level2/2025/03/27/KMKX/KMKX20250327_120844_V06', 's3://noaa-nexrad-level2/2025/03/27/KLSX/KLSX20250327_121054_V06']"
107967,F,A320,CRG UA /OV CRG050040/TM 1214/FL340/TP A320/TB CONS LGT CHOP,CONS LGT CHOP,202503271200-KMSC-UBUS01-PIREP,34000.0,30.76465978369,-80.92293661255026,2025-03-27 12:14:00,1.0,M,"('KJAX', 'KCLX', 'KVAX', 'KMLB', 'KJGX')","['s3://noaa-nexrad-level2/2025/03/27/KJAX/KJAX20250327_121318_V06', 's3://noaa-nexrad-level2/2025/03/27/KVAX/KVAX20250327_121229_V06', 's3://noaa-nexrad-level2/2025/03/27/KMLB/KMLB20250327_120917_V06', 's3://noaa-nexrad-level2/2025/03/27/KJGX/KJGX20250327_120727_V06']"
107968,F,A319,JOT UA /OV JOT090010/TM 1215/FL150/TP A319/TB LGT-MOD/RM DURC,LGT-MOD,202503271200-KMSC-UBUS01-PIREP,15000.0,41.51769,-87.95299908665659,2025-03-27 12:15:00,2.0,M,"('KLOT', 'KMKX', 'KILX', 'KIWX', 'KIND')","['s3://noaa-nexrad-level2/2025/03/27/KLOT/KLOT20250327_120935_V06', 's3://noaa-nexrad-level2/2025/03/27/KMKX/KMKX20250327_120844_V06', 's3://noaa-nexrad-level2/2025/03/27/KILX/KILX20250327_121442_V06', 's3://noaa-nexrad-level2/2025/03/27/KIWX/KIWX20250327_121458_V06', 's3://noaa-nexrad-level2/2025/03/27/KIND/KIND20250327_121204_V06']"
107969,F,B738,LFK UA /OV LFK360030/TM 1215/FL260/TP B738/TB MOD CONS CAT/RM ZFW,MOD CONS CAT,202503271200-KMSC-UBUS01-PIREP,26000.0,31.734050500040503,-94.75,2025-03-27 12:15:00,3.0,M,"('KSHV', 'KPOE', 'KLCH', 'KHGX', 'KFWS')","['s3://noaa-nexrad-level2/2025/03/27/KSHV/KSHV20250327_121200_V06', 's3://noaa-nexrad-level2/2025/03/27/KPOE/KPOE20250327_121313_V06', 's3://noaa-nexrad-level2/2025/03/27/KLCH/KLCH20250327_121220_V06', 's3://noaa-nexrad-level2/2025/03/27/KHGX/KHGX20250327_121153_V06', 's3://noaa-nexrad-level2/2025/03/27/KFWS/KFWS20250327_121349_V06']"
107970,F,A321,MBPV UA /OV PVN330030/TM 1217/FL300/TP A321/TB OCNL LGT CHOP,OCNL LGT CHOP,202503271200-KMSC-UBUS01-PIREP,30000.0,22.203047775956147,-72.52922105607196,2025-03-27 12:17:00,1.0,M,"('KAMX', 'KAMX', 'KBYX', 'KMLB', 'KTBW')","['s3://noaa-nexrad-level2/2025/03/27/KAMX/KAMX20250327_121358_V06', 's3://noaa-nexrad-level2/2025/03/27/KAMX/KAMX20250327_121358_V06', 's3://noaa-nexrad-level2/2025/03/27/KBYX/KBYX20250327_121502_V06', 's3://noaa-nexrad-level2/2025/03/27/KMLB/KMLB20250327_121621_V06', 's3://noaa-nexrad-level2/2025/03/27/KTBW/KTBW20250327_121328_V06']"
107971,F,CRJ7,FCI UA /OV FAK/TM 1218/FL180/TP CRJ7/TB MOD CHOP/RM 220-180,MOD CHOP,202503271200-KMSC-UBUS01-PIREP,18000.0,37.53,-77.83,2025-03-27 12:18:00,3.0,M,"('KAKQ', 'KLWX', 'KRAX', 'KFCX', 'KDOX')","['s3://noaa-nexrad-level2/2025/03/27/KAKQ/KAKQ20250327_121255_V06', 's3://noaa-nexrad-level2/2025/03/27/KLWX/KLWX20250327_121555_V06', 's3://noaa-nexrad-level2/2025/03/27/KRAX/KRAX20250327_121644_V06', 's3://noaa-nexrad-level2/2025/03/27/KFCX/KFCX20250327_121315_V06', 's3://noaa-nexrad-level2/2025/03/27/KDOX/KDOX20250327_121112_V06']"
107972,F,CRJ9,MRB UA /OV MRB250010/TM 1218/FL180/TP CRJ9/TB LGT CONS,LGT CONS,202503271200-KMSC-UBUS01-PIREP,18000.0,39.3448920255025,-78.1873690862345,2025-03-27 12:18:00,1.0,U,"('KLWX', 'KCCX', 'KPBZ', 'KAKQ', 'KDOX')","['s3://noaa-nexrad-level2/2025/03/27/KLWX/KLWX20250327_121555_V06', 's3://noaa-nexrad-level2/2025/03/27/KCCX/KCCX20250327_121122_V06', 's3://noaa-nexrad-level2/2025/03/27/KPBZ/KPBZ20250327_121138_V06', 's3://noaa-nexrad-level2/2025/03/27/KAKQ/KAKQ20250327_121255_V06', 's3://noaa-nexrad-level2/2025/03/27/KDOX/KDOX20250327_121112_V06']"
107973,F,A20N,BLV UA /OV SKE/TM 1220/FL360/TP A20N/TB OCNL LGT/RM ZKC/FDC/CW,OCNL LGT,202503271200-KMSC-UBUS01-PIREP,36000.0,38.52,-89.85,2025-03-27 12:20:00,1.0,U,"('KLSX', 'KILX', 'KPAH', 'KVWX', 'KHPX')","['s3://noaa-nexrad-level2/2025/03/27/KLSX/KLSX20250327_121628_V06', 's3://noaa-nexrad-level2/2025/03/27/KILX/KILX20250327_121930_V06', 's3://noaa-nexrad-level2/2025/03/27/KPAH/KPAH20250327_121658_V06', 's3://noaa-nexrad-level2/2025/03/27/KVWX/KVWX20250327_121922_V06', 's3://noaa-nexrad-level2/2025/03/27/KHPX/KHPX20250327_121952_V06']"
107974,F,M20P,BTV UA /OV BTV230020/TM 1220/FL040/TP M20P/SK BASES 040 /TB LGT/RM BASES RAGGED 040,LGT,202503271200-KMSC-UBUS01-PIREP,4000.0,44.255720108155,-73.50785120995722,2025-03-27 12:20:00,1.0,L,"('KCXX', 'KENX', 'KTYX', 'KBGM', 'KGYX')","['s3://noaa-nexrad-level2/2025/03/27/KCXX/KCXX20250327_121809_V06', 's3://noaa-nexrad-level2/2025/03/27/KENX/KENX20250327_121549_V06', 's3://noaa-nexrad-level2/2025/03/27/KTYX/KTYX20250327_121953_V06', 's3://noaa-nexrad-level2/2025/03/27/KBGM/KBGM20250327_121410_V06', 's3://noaa-nexrad-level2/2025/03/27/KGYX/KGYX20250327_121527_V06']"
107975,F,E55P,CSV UA /OV HCH/TM 1220/FL320/TP E55P/TB NEG/RM SMOOTH ZTLFD 37,NEG,202503271200-KMSC-UBUS01-PIREP,32000.0,35.78,-84.98,2025-03-27 12:20:00,0.0,U,"('KHTX', 'KMRX', 'KOHX', 'KLVX', 'KFFC')","['s3://noaa-nexrad-level2/2025/03/27/KHTX/KHTX20250327_121718_V06', 's3://noaa-nexrad-level2/2025/03/27/KMRX/KMRX20250327_121013_V06', 's3://noaa-nexrad-level2/2025/03/27/KOHX/KOHX20250327_121755_V06', 's3://noaa-nexrad-level2/2025/03/27/KLVX/KLVX20250327_121820_V06', 's3://noaa-nexrad-level2/2025/03/27/KFFC/KFFC20250327_121823_V06']"
107976,F,B737,CSV UA /OV HCH270010/TM 1220/FL390/TP B737/TB CONS LGT CHOP/RM ZTLFD 36,CONS LGT CHOP,202503271200-KMSC-UBUS01-PIREP,39000.0,35.78,-85.18545636613729,2025-03-27 12:20:00,1.0,M,"('KHTX', 'KOHX', 'KMRX', 'KHPX', 'KLVX')","['s3://noaa-nexrad-level2/2025/03/27/KHTX/KHTX20250327_121718_V06', 's3://noaa-nexrad-level2/2025/03/27/KOHX/KOHX20250327_121755_V06', 's3://noaa-nexrad-level2/2025/03/27/KMRX/KMRX20250327_121013_V06', 's3://noaa-nexrad-level2/2025/03/27/KHPX/KHPX20250327_121952_V06', 's3://noaa-nexrad-level2/2025/03/27/KLVX/KLVX20250327_121820_V06']"
107977,F,A321,TYS UA /OV VXV/TM 1220/FL370/TP A321/TB OCNL LGT CHOP/RM ZTLFD 40,OCNL LGT CHOP,202503271200-KMSC-UBUS01-PIREP,37000.0,35.9,-83.89,2025-03-27 12:20:00,1.0,M,"('KMRX', 'KJKL', 'KGSP', 'KHTX', 'KFFC')","['s3://noaa-nexrad-level2/2025/03/27/KMRX/KMRX20250327_121013_V06', 's3://noaa-nexrad-level2/2025/03/27/KJKL/KJKL20250327_121517_V06', 's3://noaa-nexrad-level2/2025/03/27/KGSP/KGSP20250327_121503_V06', 's3://noaa-nexrad-level2/2025/03/27/KHTX/KHTX20250327_121718_V06', 's3://noaa-nexrad-level2/2025/03/27/KFFC/KFFC20250327_121823_V06']"
107978,F,A320,TYS UA /OV VXV/TM 1220/FL320/TP A320/TB NEG/RM ZTLFD 39,NEG,202503271200-KMSC-UBUS01-PIREP,32000.0,35.9,-83.89,2025-03-27 12:20:00,0.0,M,"('KMRX', 'KJKL', 'KGSP', 'KHTX', 'KFFC')","['s3://noaa-nexrad-level2/2025/03/27/KMRX/KMRX20250327_121013_V06', 's3://noaa-nexrad-level2/2025/03/27/KJKL/KJKL20250327_121517_V06', 's3://noaa-nexrad-level2/2025/03/27/KGSP/KGSP20250327_121503_V06', 's3://noaa-nexrad-level2/2025/03/27/KHTX/KHTX20250327_121718_V06', 's3://noaa-nexrad-level2/2025/03/27/KFFC/KFFC20250327_121823_V06']"
107979,F,B737,AVL UA /OV SUG270020/TM 1222/FL220/TP B737/TB CONS LGT OCNL MOD CHOP/RM ZTLFD 49,CONS LGT OCNL MOD CHOP,202503271200-KMSC-UBUS01-PIREP,22000.0,35.41,-82.67901769435655,2025-03-27 12:22:00,2.0,M,"('KGSP', 'KMRX', 'KCAE', 'KJKL', 'KFFC')","['s3://noaa-nexrad-level2/2025/03/27/KGSP/KGSP20250327_121503_V06', 's3://noaa-nexrad-level2/2025/03/27/KMRX/KMRX20250327_121013_V06', 's3://noaa-nexrad-level2/2025/03/27/KCAE/KCAE20250327_121803_V06', 's3://noaa-nexrad-level2/2025/03/27/KJKL/KJKL20250327_121517_V06', 's3://noaa-nexrad-level2/2025/03/27/KFFC/KFFC20250327_121823_V06']"
107980,F,E75,BOI UA /OV REO114050/TM 1222/FL360/TP E75/TB CONS MOD/ZLC,CONS MOD,202503271200-KMSC-UBUS01-PIREP,36000.0,42.25158534268598,-116.83029078304484,2025-03-27 12:22:00,3.0,U,"('KCBX', 'KLRX', 'KRGX', 'KPDT', 'KSFX')","['s3://noaa-nexrad-level2/2025/03/27/KCBX/KCBX20250327_121847_V06', 's3://noaa-nexrad-level2/2025/03/27/KLRX/KLRX20250327_121944_V06', 's3://noaa-nexrad-level2/2025/03/27/KRGX/KRGX20250327_083013_V06', 's3://noaa-nexrad-level2/2025/03/27/KPDT/KPDT20250327_121855_V06', 's3://noaa-nexrad-level2/2025/03/27/KSFX/KSFX20250327_121737_V06']"
107981,F,B38M,LSF UA /OV EUF/TM 1223/FL380/TP B38M/TB NEG/RM ZTLFD 08,NEG,202503271200-KMSC-UBUS01-PIREP,38000.0,31.9513,-85.1289,2025-03-27 12:23:00,0.0,U,"('KEOX', 'KMXX', 'KFFC', 'KEVX', 'KTLH')","['s3://noaa-nexrad-level2/2025/03/27/KEOX/KEOX20250327_122252_V06', 's3://noaa-nexrad-level2/2025/03/27/KMXX/KMXX20250327_122033_V06', 's3://noaa-nexrad-level2/2025/03/27/KFFC/KFFC20250327_121823_V06', 's3://noaa-nexrad-level2/2025/03/27/KEVX/KEVX20250327_121617_V06', 's3://noaa-nexrad-level2/2025/03/27/KTLH/KTLH20250327_122036_V06']"
107982,F,B737,DEN UA /OV DEN250025/TM 1223/FL120/TP B737/TB LT OCNL MOD /RM 120-195 DURC,LT OCNL MOD,202503271200-KMSC-UBUS01-PIREP,12000.0,39.690280063756255,-105.16741230743746,2025-03-27 12:23:00,3.0,M,"('KFTG', 'KCYS', 'KPUX', 'KGJX', 'KGLD')","['s3://noaa-nexrad-level2/2025/03/27/KFTG/KFTG20250327_122231_V06', 's3://noaa-nexrad-level2/2025/03/27/KCYS/KCYS20250327_121610_V06', 's3://noaa-nexrad-level2/2025/03/27/KPUX/KPUX20250327_121830_V06', 's3://noaa-nexrad-level2/2025/03/27/KGJX/KGJX20250327_122245_V06', 's3://noaa-nexrad-level2/2025/03/27/KGLD/KGLD20250327_121918_V06']"
107983,F,B737,IAH UA /OV IAH225020/TM 1223/FL240/TP B737/TB MOD CHOP FL310-240/RM ZHU,MOD CHOP FL310-240,202503271200-KMSC-UBUS01-PIREP,24000.0,29.748678647702302,-95.63284480243406,2025-03-27 12:23:00,3.0,M,"('KHGX', 'KGRK', 'KEWX', 'KLCH', 'KCRP')","['s3://noaa-nexrad-level2/2025/03/27/KHGX/KHGX20250327_121856_V06', 's3://noaa-nexrad-level2/2025/03/27/KGRK/KGRK20250327_122159_V06', 's3://noaa-nexrad-level2/2025/03/27/KEWX/KEWX20250327_122159_V06', 's3://noaa-nexrad-level2/2025/03/27/KLCH/KLCH20250327_122149_V06', 's3://noaa-nexrad-level2/2025/03/27/KCRP/KCRP20250327_121812_V06']"
107984,F,C208,ACB UA /OV ACB/TM 1224/FL040/TP C208/TB NEG,NEG,202503271200-KMSC-UBUS01-PIREP,4000.0,44.98858,-85.19836,2025-03-27 12:24:00,0.0,L,"('KAPX', 'KGRR', 'KMQT', 'KDTX', 'KGRB')","['s3://noaa-nexrad-level2/2025/03/27/KAPX/KAPX20250327_121855_V06', 's3://noaa-nexrad-level2/2025/03/27/KGRR/KGRR20250327_122234_V06', 's3://noaa-nexrad-level2/2025/03/27/KMQT/KMQT20250327_122049_V06', 's3://noaa-nexrad-level2/2025/03/27/KDTX/KDTX20250327_121925_V06', 's3://noaa-nexrad-level2/2025/03/27/KGRB/KGRB20250327_121735_V06']"
107985,F,E75L,IND UA /OV VHP090030/TM 1224/FL160/TP E75L/TB NEG/IC NEG/RM IN THE CLEAR,NEG,202503271200-KMSC-UBUS01-PIREP,16000.0,39.81,-85.7190512077374,2025-03-27 12:24:00,0.0,U,"('KIND', 'KIWX', 'KLVX', 'KILN', 'KVWX')","['s3://noaa-nexrad-level2/2025/03/27/KIND/KIND20250327_121917_V06', 's3://noaa-nexrad-level2/2025/03/27/KIWX/KIWX20250327_122152_V06', 's3://noaa-nexrad-level2/2025/03/27/KLVX/KLVX20250327_122243_V06', 's3://noaa-nexrad-level2/2025/03/27/KILN/KILN20250327_122210_V06', 's3://noaa-nexrad-level2/2025/03/27/KVWX/KVWX20250327_121922_V06']"
107986,F,A320,BNA UA /OV BNA270040/TM 1225/FL180/TP A320/TB CONS LGT CHOP 160-180/RM ZME,CONS LGT CHOP 160-180,202503271200-KMSC-UBUS01-PIREP,18000.0,36.11889,-87.51452814513824,2025-03-27 12:25:00,1.0,M,"('KHPX', 'KOHX', 'KPAH', 'KHTX', 'KVWX')","['s3://noaa-nexrad-level2/2025/03/27/KHPX/KHPX20250327_122438_V06', 's3://noaa-nexrad-level2/2025/03/27/KOHX/KOHX20250327_122412_V06', 's3://noaa-nexrad-level2/2025/03/27/KPAH/KPAH20250327_122240_V06', 's3://noaa-nexrad-level2/2025/03/27/KHTX/KHTX20250327_122135_V06', 's3://noaa-nexrad-level2/2025/03/27/KVWX/KVWX20250327_122438_V06']"
107987,F,BE99,CBG UA /OV CBG/TM 1226/FL080/TP BE99/TB NEG,NEG,202503271200-KMSC-UBUS01-PIREP,8000.0,45.55749,-93.26418,2025-03-27 12:26:00,0.0,L,"('KMPX', 'KDLH', 'KARX', 'KDMX', 'KFSD')","['s3://noaa-nexrad-level2/2025/03/27/KMPX/KMPX20250327_122217_V06', 's3://noaa-nexrad-level2/2025/03/27/KDLH/KDLH20250327_122518_V06', 's3://noaa-nexrad-level2/2025/03/27/KARX/KARX20250327_122337_V06', 's3://noaa-nexrad-level2/2025/03/27/KDMX/KDMX20250327_122340_V06', 's3://noaa-nexrad-level2/2025/03/27/KFSD/KFSD20250327_122358_V06']"
107988,F,B763,PWK UA /OV OBK020020/TM 1226/FL180/TP B763/TB OCNL LGT CHOP/IC NEG,OCNL LGT CHOP,202503271200-KMSC-UBUS01-PIREP,18000.0,42.53325624532143,-87.79604299765523,2025-03-27 12:26:00,1.0,H,"('KMKX', 'KLOT', 'KGRB', 'KGRR', 'KIWX')","['s3://noaa-nexrad-level2/2025/03/27/KMKX/KMKX20250327_122443_V06', 's3://noaa-nexrad-level2/2025/03/27/KLOT/KLOT20250327_122451_V06', 's3://noaa-nexrad-level2/2025/03/27/KGRB/KGRB20250327_122438_V06', 's3://noaa-nexrad-level2/2025/03/27/KGRR/KGRR20250327_122234_V06', 's3://noaa-nexrad-level2/2025/03/27/KIWX/KIWX20250327_122152_V06']"
107989,F,E135,HTS UA /OV HNB/TM 1228/FL130/TP E135/TB NEG 130/RM LAYER 120-130 DURC,NEG 130,202503271200-KMSC-UBUS01-PIREP,13000.0,38.25,-86.95,2025-03-27 12:28:00,0.0,M,"('KVWX', 'KLVX', 'KHPX', 'KIND', 'KOHX')","['s3://noaa-nexrad-level2/2025/03/27/KVWX/KVWX20250327_122438_V06', 's3://noaa-nexrad-level2/2025/03/27/KLVX/KLVX20250327_122243_V06', 's3://noaa-nexrad-level2/2025/03/27/KHPX/KHPX20250327_122438_V06', 's3://noaa-nexrad-level2/2025/03/27/KIND/KIND20250327_122630_V06', 's3://noaa-nexrad-level2/2025/03/27/KOHX/KOHX20250327_122412_V06']"
107990,F,SR22,FOD UA /OV FOD/TM 1229/FL060/TP SR22/SK BKN065/TB OCNL LGT CHOP/IC NEG,OCNL LGT CHOP,202503271200-KMSC-UBUS01-PIREP,6000.0,42.549741,-94.203203,2025-03-27 12:29:00,1.0,L,"('KDMX', 'KMPX', 'KOAX', 'KFSD', 'KARX')","['s3://noaa-nexrad-level2/2025/03/27/KDMX/KDMX20250327_122758_V06', 's3://noaa-nexrad-level2/2025/03/27/KMPX/KMPX20250327_122756_V06', 's3://noaa-nexrad-level2/2025/03/27/KOAX/KOAX20250327_122848_V06', 's3://noaa-nexrad-level2/2025/03/27/KFSD/KFSD20250327_122358_V06', 's3://noaa-nexrad-level2/2025/03/27/KARX/KARX20250327_122716_V06']"
107991,F,B38M,PNT UA /OV PNT340010/TM 1229/FL100/TP B38M/TB LGT CHOP/RM DURD TRTLL6,LGT CHOP,202503271200-KMSC-UBUS01-PIREP,10000.0,41.08106812266072,-88.6993898775868,2025-03-27 12:29:00,1.0,U,"('KLOT', 'KILX', 'KMKX', 'KDVN', 'KIND')","['s3://noaa-nexrad-level2/2025/03/27/KLOT/KLOT20250327_122451_V06', 's3://noaa-nexrad-level2/2025/03/27/KILX/KILX20250327_122836_V06', 's3://noaa-nexrad-level2/2025/03/27/KMKX/KMKX20250327_122443_V06', 's3://noaa-nexrad-level2/2025/03/27/KDVN/KDVN20250327_122805_V06', 's3://noaa-nexrad-level2/2025/03/27/KIND/KIND20250327_122630_V06']"
107992,F,A21N,MBPV UA /OV PVN335076/TM 1230/FL370/TP A21N/TB CONS MOD CHOP,CONS MOD CHOP,202503271200-KMSC-UBUS01-PIREP,37000.0,22.918082850851693,-72.8364738560217,2025-03-27 12:30:00,3.0,U,"('KAMX', 'KAMX', 'KBYX', 'KMLB', 'KTBW')","['s3://noaa-nexrad-level2/2025/03/27/KAMX/KAMX20250327_122633_V06', 's3://noaa-nexrad-level2/2025/03/27/KAMX/KAMX20250327_122633_V06', 's3://noaa-nexrad-level2/2025/03/27/KBYX/KBYX20250327_122852_V06', 's3://noaa-nexrad-level2/2025/03/27/KMLB/KMLB20250327_122324_V06', 's3://noaa-nexrad-level2/2025/03/27/KTBW/KTBW20250327_122737_V06']"
107993,F,E75S,LOZ UA /OV LVT270010/TM 1230/FL230/TP E75S/SK TOP 220/TB LGT 200-220,LGT 200-220,202503271200-KMSC-UBUS01-PIREP,23000.0,36.58,-85.37756521021188,2025-03-27 12:30:00,1.0,U,"('KOHX', 'KLVX', 'KHTX', 'KHPX', 'KMRX')","['s3://noaa-nexrad-level2/2025/03/27/KOHX/KOHX20250327_122412_V06', 's3://noaa-nexrad-level2/2025/03/27/KLVX/KLVX20250327_122243_V06', 's3://noaa-nexrad-level2/2025/03/27/KHTX/KHTX20250327_122552_V06', 's3://noaa-nexrad-level2/2025/03/27/KHPX/KHPX20250327_122925_V06', 's3://noaa-nexrad-level2/2025/03/27/KMRX/KMRX20250327_121013_V06']"
107994,F,A21N,MIA UA /OV DHP270040/TM 1232/FL320/TP A21N/TB CONS LGT CHOP OCNL MOD CHOP,CONS LGT CHOP OCNL MOD CHOP,202503271200-KMSC-UBUS01-PIREP,32000.0,25.8,-81.0905384491565,2025-03-27 12:32:00,2.0,U,"('KAMX', 'KAMX', 'KBYX', 'KTBW', 'KMLB')","['s3://noaa-nexrad-level2/2025/03/27/KAMX/KAMX20250327_123046_V06', 's3://noaa-nexrad-level2/2025/03/27/KAMX/KAMX20250327_123046_V06', 's3://noaa-nexrad-level2/2025/03/27/KBYX/KBYX20250327_122852_V06', 's3://noaa-nexrad-level2/2025/03/27/KTBW/KTBW20250327_122737_V06', 's3://noaa-nexrad-level2/2025/03/27/KMLB/KMLB20250327_123028_V06']"
107995,F,WB7,SIT UA /OV BKA360015/TM 1234/FL350/TP WB7/TB NEG/RM ZAN,NEG,202503271200-KMSC-UBUS01-PIREP,35000.0,57.11002025002025,-135.55,2025-03-27 12:34:00,0.0,,"('PACG', 'PAIH', 'PAIH', 'PAPD', 'KLGX')","['s3://noaa-nexrad-level2/2025/03/27/PACG/PACG20250327_123342_V06', 's3://noaa-nexrad-level2/2025/03/27/PAIH/PAIH20250327_123212_V06', 's3://noaa-nexrad-level2/2025/03/27/PAIH/PAIH20250327_123212_V06', 's3://noaa-nexrad-level2/2025/03/27/PAPD/PAPD20250327_123137_V06', 's3://noaa-nexrad-level2/2025/03/27/KLGX/KLGX20250327_123117_V06']"
107996,F,B77W,OME UA /OV OME040050/TM 1234/FL340/TP B77W/TB NEG/RM ZAN,NEG,202503271200-KMSC-UBUS01-PIREP,34000.0,65.14842207731743,-164.1952101803068,2025-03-27 12:34:00,0.0,U,"('PAEC', 'PABC', 'PAKC', 'PAHG', 'PAPD')","['s3://noaa-nexrad-level2/2025/03/27/PAEC/PAEC20250327_122758_V06', 's3://noaa-nexrad-level2/2025/03/27/PAKC/PAKC20250327_123346_V06', 's3://noaa-nexrad-level2/2025/03/27/PAHG/PAHG20250327_123231_V06', 's3://noaa-nexrad-level2/2025/03/27/PAPD/PAPD20250327_123137_V06']"
107997,F,B739,DPA UA /OV DPA353011/TM 1236/FL160/TP B739/TB OCNL LGT CHOP,OCNL LGT CHOP,202503271200-KMSC-UBUS01-PIREP,16000.0,42.08976153379267,-88.27863404799542,2025-03-27 12:36:00,1.0,M,"('KLOT', 'KMKX', 'KILX', 'KDVN', 'KGRB')","['s3://noaa-nexrad-level2/2025/03/27/KLOT/KLOT20250327_123411_V06', 's3://noaa-nexrad-level2/2025/03/27/KMKX/KMKX20250327_123507_V06', 's3://noaa-nexrad-level2/2025/03/27/KILX/KILX20250327_123304_V06', 's3://noaa-nexrad-level2/2025/03/27/KDVN/KDVN20250327_123558_V06', 's3://noaa-nexrad-level2/2025/03/27/KGRB/KGRB20250327_123143_V06']"
107998,F,B737,DEN UA /OV DEN310040/TM 1237/FL170/TP B737/TB MOD CHP/RM 170-195,MOD CHP,202503271200-KMSC-UBUS01-PIREP,17000.0,40.26135978368999,-105.32259491457113,2025-03-27 12:37:00,3.0,M,"('KFTG', 'KCYS', 'KPUX', 'KGJX', 'KGLD')","['s3://noaa-nexrad-level2/2025/03/27/KFTG/KFTG20250327_123638_V06', 's3://noaa-nexrad-level2/2025/03/27/KCYS/KCYS20250327_123536_V06', 's3://noaa-nexrad-level2/2025/03/27/KPUX/KPUX20250327_123240_V06', 's3://noaa-nexrad-level2/2025/03/27/KGJX/KGJX20250327_123123_V06', 's3://noaa-nexrad-level2/2025/03/27/KGLD/KGLD20250327_123433_V06']"
107999,F,CRJ7,MAF UA /OV BGS060020/TM 1237/FL290/TP CRJ7/TB LGT/RM ZFW,LGT,202503271200-KMSC-UBUS01-PIREP,29000.0,32.55668016668017,-101.13811085988198,2025-03-27 12:37:00,1.0,M,"('KMAF', 'KLBB', 'KSJT', 'KDYX', 'KAMA')","['s3://noaa-nexrad-level2/2025/03/27/KMAF/KMAF20250327_123226_V06', 's3://noaa-nexrad-level2/2025/03/27/KLBB/KLBB20250327_123645_V06', 's3://noaa-nexrad-level2/2025/03/27/KSJT/KSJT20250327_123024_V06', 's3://noaa-nexrad-level2/2025/03/27/KDYX/KDYX20250327_123110_V06', 's3://noaa-nexrad-level2/2025/03/27/KAMA/KAMA20250327_120227_V06']"
108000,F,A320,CBM UA /OV IGB/TM 1238/FL300/TP A320/TB LGT-MOD CHOP 300-320/RM FL300-320 -ZME,LGT-MOD CHOP 300-320,202503271200-KMSC-UBUS01-PIREP,30000.0,33.48,-88.52,2025-03-27 12:38:00,2.0,M,"('KGWX', 'KBMX', 'KDGX', 'KNQA', 'KMOB')","['s3://noaa-nexrad-level2/2025/03/27/KGWX/KGWX20250327_123557_V06', 's3://noaa-nexrad-level2/2025/03/27/KBMX/KBMX20250327_123513_V06', 's3://noaa-nexrad-level2/2025/03/27/KDGX/KDGX20250327_123407_V06', 's3://noaa-nexrad-level2/2025/03/27/KNQA/KNQA20250327_123653_V06', 's3://noaa-nexrad-level2/2025/03/27/KMOB/KMOB20250327_123039_V06']"
108001,F,CRJ7,ORD UA /OV ORD160015/TM 1238/FL072/TP CRJ7/TB LGT CHOP,LGT CHOP,202503271300-KMSC-UBUS01-PIREP,7200.0,41.75259781600893,-87.81688482967084,2025-03-27 12:38:00,1.0,M,"('KLOT', 'KMKX', 'KIWX', 'KILX', 'KGRR')","['s3://noaa-nexrad-level2/2025/03/27/KLOT/KLOT20250327_123411_V06', 's3://noaa-nexrad-level2/2025/03/27/KMKX/KMKX20250327_123507_V06', 's3://noaa-nexrad-level2/2025/03/27/KIWX/KIWX20250327_123539_V06', 's3://noaa-nexrad-level2/2025/03/27/KILX/KILX20250327_123738_V06', 's3://noaa-nexrad-level2/2025/03/27/KGRR/KGRR20250327_123103_V06']"
108002,F,BCS1,TIF UA /OV TDD/TM 1239/FL360/TP BCS1/TB CONS LGT/RM ZDVWC-35,CONS LGT,202503271200-KMSC-UBUS01-PIREP,36000.0,41.98,-100.72,2025-03-27 12:39:00,1.0,U,"('KLNX', 'KGLD', 'KUEX', 'KUDX', 'KCYS')","['s3://noaa-nexrad-level2/2025/03/27/KLNX/KLNX20250327_123237_V06', 's3://noaa-nexrad-level2/2025/03/27/KGLD/KGLD20250327_123433_V06', 's3://noaa-nexrad-level2/2025/03/27/KUEX/KUEX20250327_123638_V06', 's3://noaa-nexrad-level2/2025/03/27/KUDX/KUDX20250327_123237_V06', 's3://noaa-nexrad-level2/2025/03/27/KCYS/KCYS20250327_123536_V06']"
108003,F,A321,SJN UA /OV SJN/TM 1239/FL330/TP A321/TB LT MOD OCNL CHOP FL330-320/RM ZAB FDCS,LT MOD OCNL CHOP FL330-320,202503271300-KMSC-UBUS01-PIREP,33000.0,34.52,-109.38,2025-03-27 12:39:00,3.0,M,"('KFSX', 'KFSX', 'KIWA', 'KABX', 'KEMX')","['s3://noaa-nexrad-level2/2025/03/27/KFSX/KFSX20250327_123041_V06', 's3://noaa-nexrad-level2/2025/03/27/KFSX/KFSX20250327_123041_V06', 's3://noaa-nexrad-level2/2025/03/27/KIWA/KIWA20250327_123542_V06', 's3://noaa-nexrad-level2/2025/03/27/KABX/KABX20250327_123251_V06', 's3://noaa-nexrad-level2/2025/03/27/KEMX/KEMX20250327_123549_V06']"
108004,F,C182,GNV UA /OV GNV300045/TM 1240/FL055/TP C182/SK SKC/TB NEG,NEG,202503271200-KMSC-UBUS01-PIREP,5500.0,30.06673037503037,-83.02376860406444,2025-03-27 12:40:00,0.0,L,"('KVAX', 'KTLH', 'KJAX', 'KTBW', 'KJGX')","['s3://noaa-nexrad-level2/2025/03/27/KVAX/KVAX20250327_123537_V06', 's3://noaa-nexrad-level2/2025/03/27/KTLH/KTLH20250327_123431_V06', 's3://noaa-nexrad-level2/2025/03/27/KJAX/KJAX20250327_123614_V06', 's3://noaa-nexrad-level2/2025/03/27/KTBW/KTBW20250327_123441_V06', 's3://noaa-nexrad-level2/2025/03/27/KJGX/KJGX20250327_123535_V06']"
108005,F,B738,JVL UA /OV JVL256016/TM 1240/FL200/TP B738/TB NEG/IC NEG,NEG,202503271200-KMSC-UBUS01-PIREP,20000.0,42.555732268988585,-89.39321283386359,2025-03-27 12:40:00,0.0,M,"('KMKX', 'KDVN', 'KLOT', 'KARX', 'KGRB')","['s3://noaa-nexrad-level2/2025/03/27/KMKX/KMKX20250327_123944_V06', 's3://noaa-nexrad-level2/2025/03/27/KDVN/KDVN20250327_123558_V06', 's3://noaa-nexrad-level2/2025/03/27/KLOT/KLOT20250327_123852_V06', 's3://noaa-nexrad-level2/2025/03/27/KARX/KARX20250327_123813_V06', 's3://noaa-nexrad-level2/2025/03/27/KGRB/KGRB20250327_123848_V06']"
108006,F,A321,LEX UA /OV FLM/TM 1240/FL270/TP A321/TB NEG,NEG,202503271200-KMSC-UBUS01-PIREP,27000.0,38.65,-84.31,2025-03-27 12:40:00,0.0,M,"('KILN', 'KJKL', 'KLVX', 'KIND', 'KRLX')","['s3://noaa-nexrad-level2/2025/03/27/KILN/KILN20250327_123600_V06', 's3://noaa-nexrad-level2/2025/03/27/KJKL/KJKL20250327_123535_V06', 's3://noaa-nexrad-level2/2025/03/27/KLVX/KLVX20250327_123914_V06', 's3://noaa-nexrad-level2/2025/03/27/KIND/KIND20250327_123724_V06', 's3://noaa-nexrad-level2/2025/03/27/KRLX/KRLX20250327_123455_V06']"
108007,F,B738,LFK UA /OV LFK/TM 1241/FL350/TP B738/TB MOD OCNL CONS CHOP/RM ZFW,MOD OCNL CONS CHOP,202503271200-KMSC-UBUS01-PIREP,35000.0,31.23401,-94.75,2025-03-27 12:41:00,3.0,M,"('KSHV', 'KPOE', 'KHGX', 'KLCH', 'KGRK')","['s3://noaa-nexrad-level2/2025/03/27/KSHV/KSHV20250327_123740_V06', 's3://noaa-nexrad-level2/2025/03/27/KPOE/KPOE20250327_123906_V06', 's3://noaa-nexrad-level2/2025/03/27/KHGX/KHGX20250327_124005_V06', 's3://noaa-nexrad-level2/2025/03/27/KLCH/KLCH20250327_124029_V06', 's3://noaa-nexrad-level2/2025/03/27/KGRK/KGRK20250327_124011_V06']"
108008,F,E170,LAF UA /OV BVT/TM 1241/FL210/TP E170/SK TOP195/TB LGT CHOP/IC NEG,LGT CHOP,202503271200-KMSC-UBUS01-PIREP,21000.0,40.56,-87.07,2025-03-27 12:41:00,1.0,U,"('KIND', 'KLOT', 'KIWX', 'KILX', 'KVWX')","['s3://noaa-nexrad-level2/2025/03/27/KIND/KIND20250327_123724_V06', 's3://noaa-nexrad-level2/2025/03/27/KLOT/KLOT20250327_123852_V06', 's3://noaa-nexrad-level2/2025/03/27/KIWX/KIWX20250327_123539_V06', 's3://noaa-nexrad-level2/2025/03/27/KILX/KILX20250327_123738_V06', 's3://noaa-nexrad-level2/2025/03/27/KVWX/KVWX20250327_124038_V06']"
108009,F,B737,MSN UA /OV BAE/TM 1241/FL320/TP B737/TB NEG,NEG,202503271200-KMSC-UBUS01-PIREP,32000.0,43.12,-88.28,2025-03-27 12:41:00,0.0,M,"('KMKX', 'KGRB', 'KLOT', 'KGRR', 'KDVN')","['s3://noaa-nexrad-level2/2025/03/27/KMKX/KMKX20250327_123944_V06', 's3://noaa-nexrad-level2/2025/03/27/KGRB/KGRB20250327_123848_V06', 's3://noaa-nexrad-level2/2025/03/27/KLOT/KLOT20250327_123852_V06', 's3://noaa-nexrad-level2/2025/03/27/KGRR/KGRR20250327_123926_V06', 's3://noaa-nexrad-level2/2025/03/27/KDVN/KDVN20250327_124001_V06']"
108010,F,B737,ONM UA /OV ONM/TM 1241/FL400/TP B737/TB INTMT MOD CHOP/RM ZAB FDCS,INTMT MOD CHOP,202503271300-KMSC-UBUS01-PIREP,40000.0,34.0224722,-106.9031389,2025-03-27 12:41:00,3.0,M,"('KABX', 'KHDX', 'KEPZ', 'KFDX', 'KEMX')","['s3://noaa-nexrad-level2/2025/03/27/KABX/KABX20250327_123959_V06', 's3://noaa-nexrad-level2/2025/03/27/KHDX/KHDX20250327_123432_V06', 's3://noaa-nexrad-level2/2025/03/27/KEPZ/KEPZ20250327_123832_V06', 's3://noaa-nexrad-level2/2025/03/27/KFDX/KFDX20250327_123903_V06', 's3://noaa-nexrad-level2/2025/03/27/KEMX/KEMX20250327_123549_V06']"
108011,F,B38M,CMH UA /OV APE180025/TM 1243/FL330/TP B38M/SK SKC/TB NEG,NEG,202503271300-KMSC-UBUS01-PIREP,33000.0,39.73329958329958,-82.59,2025-03-27 12:43:00,0.0,U,"('KILN', 'KRLX', 'KCLE', 'KJKL', 'KPBZ')","['s3://noaa-nexrad-level2/2025/03/27/KILN/KILN20250327_124036_V06', 's3://noaa-nexrad-level2/2025/03/27/KRLX/KRLX20250327_124154_V06', 's3://noaa-nexrad-level2/2025/03/27/KCLE/KCLE20250327_123614_V06', 's3://noaa-nexrad-level2/2025/03/27/KJKL/KJKL20250327_124221_V06', 's3://noaa-nexrad-level2/2025/03/27/KPBZ/KPBZ20250327_123850_V06']"
108012,F,A321,SJT UA /OV SJT360080/TM 1244/FL280/TP A321/TB LGT/RM ZFW,LGT,202503271200-KMSC-UBUS01-PIREP,28000.0,32.685111333441334,-100.495,2025-03-27 12:44:00,1.0,M,"('KDYX', 'KSJT', 'KLBB', 'KMAF', 'KFDR')","['s3://noaa-nexrad-level2/2025/03/27/KDYX/KDYX20250327_123757_V06', 's3://noaa-nexrad-level2/2025/03/27/KSJT/KSJT20250327_123718_V06', 's3://noaa-nexrad-level2/2025/03/27/KLBB/KLBB20250327_124350_V06', 's3://noaa-nexrad-level2/2025/03/27/KMAF/KMAF20250327_124137_V06', 's3://noaa-nexrad-level2/2025/03/27/KFDR/KFDR20250327_124325_V06']"
108013,F,E170,VYS UA /OV VYS090020/TM 1244/FL110/TP E170/TA M10/TB LGT CHOP /IC LGT RIME130 /RM DURD TRTLL6,LGT CHOP,202503271200-KMSC-UBUS01-PIREP,11000.0,41.35187,-88.7089940960682,2025-03-27 12:44:00,1.0,U,"('KLOT', 'KILX', 'KMKX', 'KDVN', 'KIND')","['s3://noaa-nexrad-level2/2025/03/27/KLOT/KLOT20250327_124333_V06', 's3://noaa-nexrad-level2/2025/03/27/KILX/KILX20250327_124210_V06', 's3://noaa-nexrad-level2/2025/03/27/KMKX/KMKX20250327_123944_V06', 's3://noaa-nexrad-level2/2025/03/27/KDVN/KDVN20250327_124351_V06', 's3://noaa-nexrad-level2/2025/03/27/KIND/KIND20250327_124106_V06']"
108014,F,B752,WRB UA /OV VNA110015/TM 1244/FL300/TP B752/TB CONS LGT CHOP/RM ZTLFD 24,CONS LGT CHOP,202503271200-KMSC-UBUS01-PIREP,30000.0,32.12448803825376,-83.22232343378195,2025-03-27 12:44:00,1.0,M,"('KJGX', 'KVAX', 'KFFC', 'KTLH', 'KJAX')","['s3://noaa-nexrad-level2/2025/03/27/KJGX/KJGX20250327_124237_V06', 's3://noaa-nexrad-level2/2025/03/27/KVAX/KVAX20250327_124013_V06', 's3://noaa-nexrad-level2/2025/03/27/KFFC/KFFC20250327_123927_V06', 's3://noaa-nexrad-level2/2025/03/27/KTLH/KTLH20250327_124128_V06', 's3://noaa-nexrad-level2/2025/03/27/KJAX/KJAX20250327_124049_V06']"
108015,F,A21N,DFW UA /OV MQP330030/TM 1245/FL320/TP A21N/TB LGT/RM ZFW,LGT,202503271200-KMSC-UBUS01-PIREP,32000.0,33.163047775956144,-98.29720873559155,2025-03-27 12:45:00,1.0,U,"('KDYX', 'KFWS', 'KFDR', 'KOUN', 'KTLX')","['s3://noaa-nexrad-level2/2025/03/27/KDYX/KDYX20250327_124445_V06', 's3://noaa-nexrad-level2/2025/03/27/KFWS/KFWS20250327_124050_V06', 's3://noaa-nexrad-level2/2025/03/27/KFDR/KFDR20250327_124325_V06', 's3://noaa-nexrad-level2/2025/03/27/KTLX/KTLX20250327_124147_V06']"
108016,F,A319,STL UA /OV STL/TM 1245/FL390/TP A319/TB CONS LGT OCNL MOD/RM ZKC/FDC/CW,CONS LGT OCNL MOD,202503271200-KMSC-UBUS01-PIREP,39000.0,38.75245,-90.3734,2025-03-27 12:45:00,2.0,M,"('KLSX', 'KILX', 'KPAH', 'KVWX', 'KDVN')","['s3://noaa-nexrad-level2/2025/03/27/KLSX/KLSX20250327_124329_V06', 's3://noaa-nexrad-level2/2025/03/27/KILX/KILX20250327_124210_V06', 's3://noaa-nexrad-level2/2025/03/27/KPAH/KPAH20250327_124011_V06', 's3://noaa-nexrad-level2/2025/03/27/KVWX/KVWX20250327_124038_V06', 's3://noaa-nexrad-level2/2025/03/27/KDVN/KDVN20250327_124351_V06']"
108017,F,B739,IKK UA /OV EON280012/TM 1246/FL176 /TP B739/TB MOD CHOP,MOD CHOP,202503271200-KMSC-UBUS01-PIREP,17600.0,41.30473244863668,-88.05207422414753,2025-03-27 12:46:00,3.0,M,"('KLOT', 'KILX', 'KMKX', 'KIWX', 'KIND')","['s3://noaa-nexrad-level2/2025/03/27/KLOT/KLOT20250327_124333_V06', 's3://noaa-nexrad-level2/2025/03/27/KILX/KILX20250327_124210_V06', 's3://noaa-nexrad-level2/2025/03/27/KMKX/KMKX20250327_124436_V06', 's3://noaa-nexrad-level2/2025/03/27/KIWX/KIWX20250327_124234_V06', 's3://noaa-nexrad-level2/2025/03/27/KIND/KIND20250327_124448_V06']"
108018,F,C208,GBD UA /OV 1K6/TM 1247/FL060/TP C208/TB CONS LGT CHOP/RM ZKC/FDC/CW,CONS LGT CHOP,202503271200-KMSC-UBUS01-PIREP,6000.0,38.37,-98.59,2025-03-27 12:47:00,1.0,L,"('KICT', 'KDDC', 'KVNX', 'KUEX', 'KTWX')","['s3://noaa-nexrad-level2/2025/03/27/KICT/KICT20250327_124627_V06', 's3://noaa-nexrad-level2/2025/03/27/KDDC/KDDC20250327_124206_V06', 's3://noaa-nexrad-level2/2025/03/27/KVNX/KVNX20250327_124549_V06', 's3://noaa-nexrad-level2/2025/03/27/KUEX/KUEX20250327_124332_V06', 's3://noaa-nexrad-level2/2025/03/27/KTWX/KTWX20250327_124615_V06']"
108019,F,A320,SHV UA /OV SHV/TM 1248/FL320/TP A320/TB MOD CAT/RM ZFW,MOD CAT,202503271200-KMSC-UBUS01-PIREP,32000.0,32.4472,-93.8244,2025-03-27 12:48:00,3.0,M,"('KSHV', 'KPOE', 'KLCH', 'KLZK', 'KSRX')","['s3://noaa-nexrad-level2/2025/03/27/KSHV/KSHV20250327_124257_V06', 's3://noaa-nexrad-level2/2025/03/27/KPOE/KPOE20250327_124703_V06', 's3://noaa-nexrad-level2/2025/03/27/KLCH/KLCH20250327_124514_V06', 's3://noaa-nexrad-level2/2025/03/27/KLZK/KLZK20250327_124448_V06', 's3://noaa-nexrad-level2/2025/03/27/KSRX/KSRX20250327_124712_V06']"
108020,F,F900,ATL UA /OV ATL165030/TM 1248/FL350/TP F900/SK TOP/TB OCNL LGT CHOP/RM ZTLFD 27,OCNL LGT CHOP,202503271200-KMSC-UBUS01-PIREP,35000.0,33.14709796682038,-84.28636488258499,2025-03-27 12:48:00,1.0,M,"('KFFC', 'KJGX', 'KMXX', 'KEOX', 'KBMX')","['s3://noaa-nexrad-level2/2025/03/27/KFFC/KFFC20250327_124629_V06', 's3://noaa-nexrad-level2/2025/03/27/KJGX/KJGX20250327_124237_V06', 's3://noaa-nexrad-level2/2025/03/27/KMXX/KMXX20250327_124143_V06', 's3://noaa-nexrad-level2/2025/03/27/KEOX/KEOX20250327_124755_V06', 's3://noaa-nexrad-level2/2025/03/27/KBMX/KBMX20250327_124351_V06']"
108021,F,SF50,BMG UA /OV OOM090015/TM 1248/FL160/TP SF50/TB NEG/IC NEG,NEG,202503271300-KMSC-UBUS01-PIREP,16000.0,39.14,-86.28764525445428,2025-03-27 12:48:00,0.0,U,"('KIND', 'KLVX', 'KVWX', 'KIWX', 'KILN')","['s3://noaa-nexrad-level2/2025/03/27/KIND/KIND20250327_124448_V06', 's3://noaa-nexrad-level2/2025/03/27/KLVX/KLVX20250327_124750_V06', 's3://noaa-nexrad-level2/2025/03/27/KVWX/KVWX20250327_124539_V06', 's3://noaa-nexrad-level2/2025/03/27/KIWX/KIWX20250327_124234_V06', 's3://noaa-nexrad-level2/2025/03/27/KILN/KILN20250327_124514_V06']"
108022,F,B737,PWK UA /OV OBK350010/TM 1249/FL170/TP B737/TB NEG,NEG,202503271200-KMSC-UBUS01-PIREP,17000.0,42.38414792041999,-87.98908300931676,2025-03-27 12:49:00,0.0,M,"('KLOT', 'KMKX', 'KGRB', 'KGRR', 'KIWX')","['s3://noaa-nexrad-level2/2025/03/27/KLOT/KLOT20250327_124812_V06', 's3://noaa-nexrad-level2/2025/03/27/KMKX/KMKX20250327_124436_V06', 's3://noaa-nexrad-level2/2025/03/27/KGRB/KGRB20250327_124551_V06', 's3://noaa-nexrad-level2/2025/03/27/KGRR/KGRR20250327_124744_V06', 's3://noaa-nexrad-level2/2025/03/27/KIWX/KIWX20250327_124234_V06']"
108023,F,B739,ACT UA /OV LOA/TM 1250/FL250/TP B739/TB LGT CONS CHOP OCNL MOD CHOP/RM DURC ZFW,LGT CONS CHOP OCNL MOD CHOP,202503271200-KMSC-UBUS01-PIREP,25000.0,31.12,-95.97,2025-03-27 12:50:00,2.0,M,"('KGRK', 'KHGX', 'KFWS', 'KEWX', 'KSHV')","['s3://noaa-nexrad-level2/2025/03/27/KGRK/KGRK20250327_124916_V06', 's3://noaa-nexrad-level2/2025/03/27/KHGX/KHGX20250327_124709_V06', 's3://noaa-nexrad-level2/2025/03/27/KFWS/KFWS20250327_124736_V06', 's3://noaa-nexrad-level2/2025/03/27/KEWX/KEWX20250327_124638_V06', 's3://noaa-nexrad-level2/2025/03/27/KSHV/KSHV20250327_124815_V06']"
108024,F,CL35,OMA UA /OV OVR/TM 1252/FL160/TP CL35/TB CONS LGT CHOP 160/RM DURC,CONS LGT CHOP 160,202503271200-KMSC-UBUS01-PIREP,16000.0,41.17,-95.74,2025-03-27 12:52:00,1.0,U,"('KOAX', 'KDMX', 'KTWX', 'KFSD', 'KEAX')","['s3://noaa-nexrad-level2/2025/03/27/KOAX/KOAX20250327_124904_V06', 's3://noaa-nexrad-level2/2025/03/27/KDMX/KDMX20250327_124942_V06', 's3://noaa-nexrad-level2/2025/03/27/KTWX/KTWX20250327_125132_V06', 's3://noaa-nexrad-level2/2025/03/27/KFSD/KFSD20250327_125137_V06', 's3://noaa-nexrad-level2/2025/03/27/KEAX/KEAX20250327_124833_V06']"
108025,F,B38M,OMA UA /OV OVR020020/TM 1252/FL380/TP B38M/SK TOP 380/TB NEG,NEG,202503271200-KMSC-UBUS01-PIREP,38000.0,41.48325624532144,-95.58853606032255,2025-03-27 12:52:00,0.0,U,"('KOAX', 'KDMX', 'KFSD', 'KTWX', 'KEAX')","['s3://noaa-nexrad-level2/2025/03/27/KOAX/KOAX20250327_124904_V06', 's3://noaa-nexrad-level2/2025/03/27/KDMX/KDMX20250327_124942_V06', 's3://noaa-nexrad-level2/2025/03/27/KFSD/KFSD20250327_125137_V06', 's3://noaa-nexrad-level2/2025/03/27/KTWX/KTWX20250327_125132_V06', 's3://noaa-nexrad-level2/2025/03/27/KEAX/KEAX20250327_124833_V06']"
108026,F,A359,GRB UA /OV GRB320055/TM 1253/FL390/TP A359/TB NEG,NEG,202503271300-KMSC-UBUS01-PIREP,39000.0,45.18166428504917,-88.9625832727873,2025-03-27 12:53:00,0.0,U,"('KGRB', 'KMQT', 'KMKX', 'KARX', 'KDLH')","['s3://noaa-nexrad-level2/2025/03/27/KGRB/KGRB20250327_125256_V06', 's3://noaa-nexrad-level2/2025/03/27/KMQT/KMQT20250327_124744_V06', 's3://noaa-nexrad-level2/2025/03/27/KMKX/KMKX20250327_124956_V06', 's3://noaa-nexrad-level2/2025/03/27/KARX/KARX20250327_125250_V06', 's3://noaa-nexrad-level2/2025/03/27/KDLH/KDLH20250327_125031_V06']"
108027,F,PC24,CHS UA /OV CHS300070/TM 1254/FL180/TP PC24/TB OCNL LGT CHOP,OCNL LGT CHOP,202503271200-KMSC-UBUS01-PIREP,18000.0,33.48198058338058,-81.24393608010637,2025-03-27 12:54:00,1.0,U,"('KCAE', 'KCLX', 'KGSP', 'KJGX', 'KLTX')","['s3://noaa-nexrad-level2/2025/03/27/KCAE/KCAE20250327_125200_V06', 's3://noaa-nexrad-level2/2025/03/27/KGSP/KGSP20250327_125054_V06', 's3://noaa-nexrad-level2/2025/03/27/KJGX/KJGX20250327_124938_V06', 's3://noaa-nexrad-level2/2025/03/27/KLTX/KLTX20250327_125125_V06']"
108028,F,E75L,CRS UA /OV CRS180030/TM 1256/FL300/TP E75L/TB MOD CHOP/RM ZFW,MOD CHOP,202503271300-KMSC-UBUS01-PIREP,30000.0,31.5299594999595,-96.4,2025-03-27 12:56:00,3.0,U,"('KGRK', 'KFWS', 'KHGX', 'KEWX', 'KSHV')","['s3://noaa-nexrad-level2/2025/03/27/KGRK/KGRK20250327_125520_V06', 's3://noaa-nexrad-level2/2025/03/27/KFWS/KFWS20250327_125428_V06', 's3://noaa-nexrad-level2/2025/03/27/KHGX/KHGX20250327_125412_V06', 's3://noaa-nexrad-level2/2025/03/27/KEWX/KEWX20250327_125540_V06', 's3://noaa-nexrad-level2/2025/03/27/KSHV/KSHV20250327_125334_V06']"
108029,F,A319,STL UA /OV STL030030/TM 1257/FL360/TP A319/TB CONS MOD/RM ZKC/FDC/CW,CONS MOD,202503271300-KMSC-UBUS01-PIREP,36000.0,39.18549777595615,-90.05280273668163,2025-03-27 12:57:00,3.0,M,"('KLSX', 'KILX', 'KPAH', 'KDVN', 'KVWX')","['s3://noaa-nexrad-level2/2025/03/27/KLSX/KLSX20250327_125353_V06', 's3://noaa-nexrad-level2/2025/03/27/KILX/KILX20250327_125603_V06', 's3://noaa-nexrad-level2/2025/03/27/KPAH/KPAH20250327_125219_V06', 's3://noaa-nexrad-level2/2025/03/27/KDVN/KDVN20250327_125522_V06', 's3://noaa-nexrad-level2/2025/03/27/KVWX/KVWX20250327_125525_V06']"
108030,F,C25A,WRB UA /OV DBN/TM 1257/FL340/TP C25A/TB NEG/RM ZTLFD 24,NEG,202503271300-KMSC-UBUS01-PIREP,34000.0,32.5644167,-82.9852778,2025-03-27 12:57:00,0.0,L,"('KJGX', 'KVAX', 'KFFC', 'KCLX', 'KCAE')","['s3://noaa-nexrad-level2/2025/03/27/KJGX/KJGX20250327_125640_V06', 's3://noaa-nexrad-level2/2025/03/27/KVAX/KVAX20250327_125404_V06', 's3://noaa-nexrad-level2/2025/03/27/KFFC/KFFC20250327_125332_V06', 's3://noaa-nexrad-level2/2025/03/27/KCAE/KCAE20250327_125200_V06']"
108031,F,B737,STL UA /OV TOY180005/TM 1258/FL150/TP B737/TB CONS MOD/RM DURC STL ZKC/FDC/CW,CONS MOD,202503271300-KMSC-UBUS01-PIREP,15000.0,38.65665991665992,-89.92,2025-03-27 12:58:00,3.0,M,"('KLSX', 'KILX', 'KPAH', 'KVWX', 'KDVN')","['s3://noaa-nexrad-level2/2025/03/27/KLSX/KLSX20250327_125353_V06', 's3://noaa-nexrad-level2/2025/03/27/KILX/KILX20250327_125603_V06', 's3://noaa-nexrad-level2/2025/03/27/KPAH/KPAH20250327_125219_V06', 's3://noaa-nexrad-level2/2025/03/27/KVWX/KVWX20250327_125525_V06', 's3://noaa-nexrad-level2/2025/03/27/KDVN/KDVN20250327_125522_V06']"
108032,F,B739,CTJ UA /OV CTJ/TM 1259/FL200/TP B739/TB INTMT LGT CHOP/RM ZTLFD 04,INTMT LGT CHOP,202503271300-KMSC-UBUS01-PIREP,20000.0,33.6316964,-85.1522641,2025-03-27 12:59:00,1.0,M,"('KFFC', 'KMXX', 'KHTX', 'KBMX', 'KJGX')","['s3://noaa-nexrad-level2/2025/03/27/KFFC/KFFC20250327_125332_V06', 's3://noaa-nexrad-level2/2025/03/27/KMXX/KMXX20250327_125550_V06', 's3://noaa-nexrad-level2/2025/03/27/KHTX/KHTX20250327_125550_V06', 's3://noaa-nexrad-level2/2025/03/27/KBMX/KBMX20250327_125230_V06', 's3://noaa-nexrad-level2/2025/03/27/KJGX/KJGX20250327_125640_V06']"
108033,F,SR20,ONA UA /OV ONA/TM 1300/FL055/TP SR20/TB NEG/IC NEG,NEG,202503271300-KMSC-UBUS01-PIREP,5500.0,44.07721,-91.70832,2025-03-27 13:00:00,0.0,L,"('KARX', 'KMPX', 'KDVN', 'KDLH', 'KDMX')","['s3://noaa-nexrad-level2/2025/03/27/KARX/KARX20250327_125629_V06', 's3://noaa-nexrad-level2/2025/03/27/KMPX/KMPX20250327_125552_V06', 's3://noaa-nexrad-level2/2025/03/27/KDVN/KDVN20250327_125912_V06', 's3://noaa-nexrad-level2/2025/03/27/KDLH/KDLH20250327_125915_V06', 's3://noaa-nexrad-level2/2025/03/27/KDMX/KDMX20250327_125818_V06']"
108034,F,E170,FAM UA /OV FAM/TM 1301/FL260/TP E170/TB CONS LGT/RM ZKC/FDC/CW,CONS LGT,202503271300-KMSC-UBUS01-PIREP,26000.0,37.76103,-90.42861,2025-03-27 13:01:00,1.0,U,"('KLSX', 'KPAH', 'KNQA', 'KILX', 'KVWX')","['s3://noaa-nexrad-level2/2025/03/27/KLSX/KLSX20250327_125912_V06', 's3://noaa-nexrad-level2/2025/03/27/KPAH/KPAH20250327_125816_V06', 's3://noaa-nexrad-level2/2025/03/27/KNQA/KNQA20250327_125518_V06', 's3://noaa-nexrad-level2/2025/03/27/KILX/KILX20250327_130049_V06', 's3://noaa-nexrad-level2/2025/03/27/KVWX/KVWX20250327_130019_V06']"
108035,F,PA32,FLL UA /OV MYCC180005 /TM 1301 /FL055 /TP PA32 /SK SCT035 /TB NEG /RM SMOOTH,NEG,202503271300-KMSC-UBUS01-PIREP,5500.0,25.46665991665992,-79.28,2025-03-27 13:01:00,0.0,L,"('KAMX', 'KAMX', 'KBYX', 'KMLB', 'KTBW')","['s3://noaa-nexrad-level2/2025/03/27/KAMX/KAMX20250327_130019_V06', 's3://noaa-nexrad-level2/2025/03/27/KAMX/KAMX20250327_130019_V06', 's3://noaa-nexrad-level2/2025/03/27/KBYX/KBYX20250327_130052_V06', 's3://noaa-nexrad-level2/2025/03/27/KMLB/KMLB20250327_125843_V06', 's3://noaa-nexrad-level2/2025/03/27/KTBW/KTBW20250327_125556_V06']"
108036,F,A320,LFK UA /OV LFK/TM 1301/FL310/TP A320/TB MOD CONS CAT/RM ZFW,MOD CONS CAT,202503271300-KMSC-UBUS01-PIREP,31000.0,31.23401,-94.75,2025-03-27 13:01:00,3.0,M,"('KSHV', 'KPOE', 'KHGX', 'KLCH', 'KGRK')","['s3://noaa-nexrad-level2/2025/03/27/KSHV/KSHV20250327_125852_V06', 's3://noaa-nexrad-level2/2025/03/27/KPOE/KPOE20250327_125908_V06', 's3://noaa-nexrad-level2/2025/03/27/KHGX/KHGX20250327_125412_V06', 's3://noaa-nexrad-level2/2025/03/27/KLCH/KLCH20250327_125928_V06', 's3://noaa-nexrad-level2/2025/03/27/KGRK/KGRK20250327_125822_V06']"
108037,F,B737,EKO UA /OV BQU218013/TM 1301/FL390/TP B737/TB CONS LGT OCNL MOD/ZLC,CONS LGT OCNL MOD,202503271300-KMSC-UBUS01-PIREP,39000.0,40.58925050711599,-115.93612243780431,2025-03-27 13:01:00,2.0,M,"('KLRX', 'KCBX', 'KMTX', 'KRGX', 'KSFX')","['s3://noaa-nexrad-level2/2025/03/27/KLRX/KLRX20250327_125448_V06', 's3://noaa-nexrad-level2/2025/03/27/KCBX/KCBX20250327_125409_V06', 's3://noaa-nexrad-level2/2025/03/27/KMTX/KMTX20250327_125352_V06', 's3://noaa-nexrad-level2/2025/03/27/KRGX/KRGX20250327_083013_V06', 's3://noaa-nexrad-level2/2025/03/27/KSFX/KSFX20250327_125804_V06']"
108038,F,B737,4CR UA /OV CNX/TM 1301/FL350/TP B737/TB CONS LT-MOD CHOP/RM ZAB FDCS,CONS LT-MOD CHOP,202503271300-KMSC-UBUS01-PIREP,35000.0,34.37,-105.68,2025-03-27 13:01:00,3.0,M,"('KHDX', 'KABX', 'KFDX', 'KEPZ', 'KLBB')","['s3://noaa-nexrad-level2/2025/03/27/KHDX/KHDX20250327_125522_V06', 's3://noaa-nexrad-level2/2025/03/27/KABX/KABX20250327_125413_V06', 's3://noaa-nexrad-level2/2025/03/27/KFDX/KFDX20250327_125955_V06', 's3://noaa-nexrad-level2/2025/03/27/KEPZ/KEPZ20250327_125945_V06', 's3://noaa-nexrad-level2/2025/03/27/KLBB/KLBB20250327_125759_V06']"
108039,F,B738,GNV UA /OV TAY/TM 1302/FL380/TP B738/TB NEG,NEG,202503271300-KMSC-UBUS01-PIREP,38000.0,30.5,-82.55,2025-03-27 13:02:00,0.0,M,"('KVAX', 'KJAX', 'KTLH', 'KJGX', 'KCLX')","['s3://noaa-nexrad-level2/2025/03/27/KVAX/KVAX20250327_125841_V06', 's3://noaa-nexrad-level2/2025/03/27/KJAX/KJAX20250327_125908_V06', 's3://noaa-nexrad-level2/2025/03/27/KTLH/KTLH20250327_125522_V06', 's3://noaa-nexrad-level2/2025/03/27/KJGX/KJGX20250327_125640_V06']"
108040,F,B738,LOZ UA /OV AZQ/TM 1303/FL360/TP B738/TB INTMT LGT CHOP,INTMT LGT CHOP,202503271300-KMSC-UBUS01-PIREP,36000.0,37.39,-83.26,2025-03-27 13:03:00,1.0,M,"('KJKL', 'KMRX', 'KRLX', 'KILN', 'KGSP')","['s3://noaa-nexrad-level2/2025/03/27/KJKL/KJKL20250327_130239_V06', 's3://noaa-nexrad-level2/2025/03/27/KMRX/KMRX20250327_121013_V06', 's3://noaa-nexrad-level2/2025/03/27/KRLX/KRLX20250327_130238_V06', 's3://noaa-nexrad-level2/2025/03/27/KILN/KILN20250327_125903_V06', 's3://noaa-nexrad-level2/2025/03/27/KGSP/KGSP20250327_125938_V06']"
108041,F,B737,LVS UA /OV FTI272034/TM 1304/FL390/TP B737/TB LT MOD CHOP/RM ZAB FDCS,LT MOD CHOP,202503271300-KMSC-UBUS01-PIREP,39000.0,35.67977798335325,-105.83707546003455,2025-03-27 13:04:00,3.0,M,"('KABX', 'KFDX', 'KHDX', 'KPUX', 'KEPZ')","['s3://noaa-nexrad-level2/2025/03/27/KABX/KABX20250327_130121_V06', 's3://noaa-nexrad-level2/2025/03/27/KFDX/KFDX20250327_125955_V06', 's3://noaa-nexrad-level2/2025/03/27/KHDX/KHDX20250327_130208_V06', 's3://noaa-nexrad-level2/2025/03/27/KPUX/KPUX20250327_130102_V06', 's3://noaa-nexrad-level2/2025/03/27/KEPZ/KEPZ20250327_125945_V06']"
108042,F,B737,PAH UA /OV CNG135020/TM 1305/FL380/TP B737/TB OCNL MOD CHOP/RM ZME,OCNL MOD CHOP,202503271300-KMSC-UBUS01-PIREP,38000.0,36.774278647702296,-88.5448060609987,2025-03-27 13:05:00,3.0,M,"('KPAH', 'KHPX', 'KVWX', 'KNQA', 'KOHX')","['s3://noaa-nexrad-level2/2025/03/27/KPAH/KPAH20250327_130436_V06', 's3://noaa-nexrad-level2/2025/03/27/KHPX/KHPX20250327_130218_V06', 's3://noaa-nexrad-level2/2025/03/27/KVWX/KVWX20250327_130019_V06', 's3://noaa-nexrad-level2/2025/03/27/KNQA/KNQA20250327_130355_V06', 's3://noaa-nexrad-level2/2025/03/27/KOHX/KOHX20250327_130447_V06']"
108043,F,A321,HUM UA /OV KTBD360015/TM 1305/FL320/TP A321/TB MOD CHOP/RM ZHU,MOD CHOP,202503271300-KMSC-UBUS01-PIREP,32000.0,29.91002025002025,-90.83,2025-03-27 13:05:00,3.0,M,"('KHDC', 'KLIX', 'KLCH', 'KPOE', 'KDGX')","['s3://noaa-nexrad-level2/2025/03/27/KHDC/KHDC20250327_125721_V06', 's3://noaa-nexrad-level2/2025/03/27/KLCH/KLCH20250327_130400_V06', 's3://noaa-nexrad-level2/2025/03/27/KPOE/KPOE20250327_130250_V06', 's3://noaa-nexrad-level2/2025/03/27/KDGX/KDGX20250327_130416_V06']"
108044,F,S22T,PDC UA /OV PDC/TM 1306/FL110/TP S22T/TA M05/TB NEG/IC LGT RIME,NEG,202503271300-KMSC-UBUS01-PIREP,11000.0,43.01929,-91.12373,2025-03-27 13:06:00,0.0,U,"('KARX', 'KDVN', 'KMKX', 'KDMX', 'KMPX')","['s3://noaa-nexrad-level2/2025/03/27/KARX/KARX20250327_130348_V06', 's3://noaa-nexrad-level2/2025/03/27/KDVN/KDVN20250327_130301_V06', 's3://noaa-nexrad-level2/2025/03/27/KMKX/KMKX20250327_130352_V06', 's3://noaa-nexrad-level2/2025/03/27/KDMX/KDMX20250327_130236_V06', 's3://noaa-nexrad-level2/2025/03/27/KMPX/KMPX20250327_130117_V06']"
108045,F,E175,SHV UA /OV SHV/TM 1307/FL350/TP E175/TB LGT CONS OCNL MOD CHOP/RM ZFW,LGT CONS OCNL MOD CHOP,202503271300-KMSC-UBUS01-PIREP,35000.0,32.4472,-93.8244,2025-03-27 13:07:00,2.0,U,"('KSHV', 'KPOE', 'KLCH', 'KLZK', 'KSRX')","['s3://noaa-nexrad-level2/2025/03/27/KSHV/KSHV20250327_130409_V06', 's3://noaa-nexrad-level2/2025/03/27/KPOE/KPOE20250327_130630_V06', 's3://noaa-nexrad-level2/2025/03/27/KLCH/KLCH20250327_130400_V06', 's3://noaa-nexrad-level2/2025/03/27/KLZK/KLZK20250327_130556_V06', 's3://noaa-nexrad-level2/2025/03/27/KSRX/KSRX20250327_130403_V06']"
108046,F,B737,RTN UA /OV CIM205040/TM 1307/FL390/TP B737/TB OCNL MOD CHOP/RM ZAB FDCS,OCNL MOD CHOP,202503271300-KMSC-UBUS01-PIREP,39000.0,35.885745867972794,-105.2204752678408,2025-03-27 13:07:00,3.0,M,"('KABX', 'KFDX', 'KPUX', 'KHDX', 'KAMA')","['s3://noaa-nexrad-level2/2025/03/27/KABX/KABX20250327_130121_V06', 's3://noaa-nexrad-level2/2025/03/27/KFDX/KFDX20250327_130653_V06', 's3://noaa-nexrad-level2/2025/03/27/KPUX/KPUX20250327_130102_V06', 's3://noaa-nexrad-level2/2025/03/27/KHDX/KHDX20250327_130208_V06', 's3://noaa-nexrad-level2/2025/03/27/KAMA/KAMA20250327_120227_V06']"
108047,F,C172,Y70 UA /OV Y70135010 /TM 1308 /FL055 /TP C172 /WX FV10SM HZ /TA 00 /TB NEG /RM SMOOTH RIDE,NEG,202503271300-KMSC-UBUS01-PIREP,5500.0,42.82013682385115,-84.89956542649901,2025-03-27 13:08:00,0.0,L,"('KGRR', 'KDTX', 'KIWX', 'KAPX', 'KCLE')","['s3://noaa-nexrad-level2/2025/03/27/KGRR/KGRR20250327_130414_V06', 's3://noaa-nexrad-level2/2025/03/27/KDTX/KDTX20250327_130151_V06', 's3://noaa-nexrad-level2/2025/03/27/KIWX/KIWX20250327_130316_V06', 's3://noaa-nexrad-level2/2025/03/27/KAPX/KAPX20250327_130146_V06', 's3://noaa-nexrad-level2/2025/03/27/KCLE/KCLE20250327_130328_V06']"
108048,F,E170,OXI UA /OV OXI/TM 1309/FL180/TP E170/TB CONS LGT CHOP,CONS LGT CHOP,202503271300-KMSC-UBUS01-PIREP,18000.0,41.3301944,-86.6648056,2025-03-27 13:09:00,1.0,U,"('KIWX', 'KLOT', 'KIND', 'KGRR', 'KMKX')","['s3://noaa-nexrad-level2/2025/03/27/KIWX/KIWX20250327_130316_V06', 's3://noaa-nexrad-level2/2025/03/27/KLOT/KLOT20250327_130708_V06', 's3://noaa-nexrad-level2/2025/03/27/KIND/KIND20250327_130629_V06', 's3://noaa-nexrad-level2/2025/03/27/KGRR/KGRR20250327_130414_V06', 's3://noaa-nexrad-level2/2025/03/27/KMKX/KMKX20250327_130352_V06']"
108049,F,TBM9,TOC UA /OV ODF270015/TM 1309/FL070/TP TBM9/TB NEG/IC NEG/RM DURC ZTLFD 49,NEG,202503271300-KMSC-UBUS01-PIREP,7000.0,34.7,-83.60410759859889,2025-03-27 13:09:00,0.0,U,"('KGSP', 'KMRX', 'KFFC', 'KJGX', 'KHTX')","['s3://noaa-nexrad-level2/2025/03/27/KGSP/KGSP20250327_130814_V06', 's3://noaa-nexrad-level2/2025/03/27/KMRX/KMRX20250327_121013_V06', 's3://noaa-nexrad-level2/2025/03/27/KFFC/KFFC20250327_130737_V06', 's3://noaa-nexrad-level2/2025/03/27/KJGX/KJGX20250327_130342_V06', 's3://noaa-nexrad-level2/2025/03/27/KHTX/KHTX20250327_130842_V06']"
108050,F,PC12,EVV UA /OV M20/TM 1309/FL190/TP PC12/SK BASE 170/TA M19/TB CONS LGT -MOD CHOP /IC NEG,CONS LGT -MOD CHOP,202503271300-KMSC-UBUS01-PIREP,19000.0,37.39,-86.26,2025-03-27 13:09:00,2.0,L,"('KLVX', 'KOHX', 'KHPX', 'KVWX', 'KIND')","['s3://noaa-nexrad-level2/2025/03/27/KLVX/KLVX20250327_130525_V06', 's3://noaa-nexrad-level2/2025/03/27/KOHX/KOHX20250327_130447_V06', 's3://noaa-nexrad-level2/2025/03/27/KHPX/KHPX20250327_130815_V06', 's3://noaa-nexrad-level2/2025/03/27/KVWX/KVWX20250327_130526_V06', 's3://noaa-nexrad-level2/2025/03/27/KIND/KIND20250327_130629_V06']"
108051,F,A20N,DEN UA /OV DEN260020/TM 1310/FL120/TP A20N/TB LGT OCNL MDT/RM DURC 110-120,LGT OCNL MDT,202503271300-KMSC-UBUS01-PIREP,12000.0,39.774912585605534,-105.08501477035183,2025-03-27 13:10:00,1.0,U,"('KFTG', 'KCYS', 'KPUX', 'KGJX', 'KGLD')","['s3://noaa-nexrad-level2/2025/03/27/KFTG/KFTG20250327_130446_V06', 's3://noaa-nexrad-level2/2025/03/27/KCYS/KCYS20250327_130445_V06', 's3://noaa-nexrad-level2/2025/03/27/KPUX/KPUX20250327_130807_V06', 's3://noaa-nexrad-level2/2025/03/27/KGJX/KGJX20250327_130554_V06', 's3://noaa-nexrad-level2/2025/03/27/KGLD/KGLD20250327_130256_V06']"
108052,F,E75L,MFR UA /OV OED/TM 1310/FL030/TP E75L/TB LGT-MOD CHOP 035-140 LGT CHOP 140-150/RM ZSE,LGT-MOD CHOP 035-140 LGT CHOP 140-150,202503271300-KMSC-UBUS01-PIREP,3000.0,42.48,-122.91,2025-03-27 13:10:00,2.0,U,"('KMAX', 'KBHX', 'KRTX', 'KBBX', 'KDAX')","['s3://noaa-nexrad-level2/2025/03/27/KMAX/KMAX20250327_130701_V06', 's3://noaa-nexrad-level2/2025/03/27/KBHX/KBHX20250327_130705_V06', 's3://noaa-nexrad-level2/2025/03/27/KRTX/KRTX20250327_130759_V06', 's3://noaa-nexrad-level2/2025/03/27/KBBX/KBBX20250327_130450_V06', 's3://noaa-nexrad-level2/2025/03/27/KDAX/KDAX20250327_130907_V06']"
108053,F,A319,MBPV UA /OV PVN010125/TM 1310/FL370/TP A319/TB LGT CHOP,LGT CHOP,202503271300-KMSC-UBUS01-PIREP,37000.0,23.82184900524994,-71.87041878519616,2025-03-27 13:10:00,1.0,M,"('KAMX', 'KAMX', 'KMLB', 'KBYX', 'KTBW')","['s3://noaa-nexrad-level2/2025/03/27/KAMX/KAMX20250327_130842_V06', 's3://noaa-nexrad-level2/2025/03/27/KAMX/KAMX20250327_130842_V06', 's3://noaa-nexrad-level2/2025/03/27/KMLB/KMLB20250327_130547_V06', 's3://noaa-nexrad-level2/2025/03/27/KBYX/KBYX20250327_130529_V06', 's3://noaa-nexrad-level2/2025/03/27/KTBW/KTBW20250327_130300_V06']"
108054,F,B738,CBM UA /OV IGB360015/TM 1310/FL320/TP B738/TB LGT-MOD CHOP/RM ZME,LGT-MOD CHOP,202503271300-KMSC-UBUS01-PIREP,32000.0,33.730020250020246,-88.52,2025-03-27 13:10:00,2.0,M,"('KGWX', 'KBMX', 'KDGX', 'KNQA', 'KHTX')","['s3://noaa-nexrad-level2/2025/03/27/KGWX/KGWX20250327_130424_V06', 's3://noaa-nexrad-level2/2025/03/27/KBMX/KBMX20250327_130949_V06', 's3://noaa-nexrad-level2/2025/03/27/KDGX/KDGX20250327_130945_V06', 's3://noaa-nexrad-level2/2025/03/27/KNQA/KNQA20250327_130355_V06', 's3://noaa-nexrad-level2/2025/03/27/KHTX/KHTX20250327_130842_V06']"
108055,F,B38M,MYGF UA /OV ZFP030173/TM 1311/FL340/TP B38M/TB OCNL MOD CHOP,OCNL MOD CHOP,202503271300-KMSC-UBUS01-PIREP,34000.0,28.997242174680444,-77.16895062739295,2025-03-27 13:11:00,3.0,U,"('KMLB', 'KAMX', 'KAMX', 'KJAX', 'KLTX')","['s3://noaa-nexrad-level2/2025/03/27/KMLB/KMLB20250327_131012_V06', 's3://noaa-nexrad-level2/2025/03/27/KAMX/KAMX20250327_130842_V06', 's3://noaa-nexrad-level2/2025/03/27/KAMX/KAMX20250327_130842_V06', 's3://noaa-nexrad-level2/2025/03/27/KJAX/KJAX20250327_130935_V06', 's3://noaa-nexrad-level2/2025/03/27/KLTX/KLTX20250327_130901_V06']"
108056,F,B38M,PRB UA /OV AVE/TM 1312/FL350/TP B38M/TB CONS MOD 350-290/RM DURD IRNMN STAR. COR ACFT AND TURB. ZLA CWSU,CONS MOD 350-290,202503271300-KMSC-UBUS01-PIREP,35000.0,35.65,-119.98,2025-03-27 13:12:00,3.0,U,"('KHNX', 'KVBX', 'KVTX', 'KMUX', 'KEYX')","['s3://noaa-nexrad-level2/2025/03/27/KHNX/KHNX20250327_131107_V06', 's3://noaa-nexrad-level2/2025/03/27/KVBX/KVBX20250327_130804_V06', 's3://noaa-nexrad-level2/2025/03/27/KVTX/KVTX20250327_131059_V06', 's3://noaa-nexrad-level2/2025/03/27/KMUX/KMUX20250327_131051_V06', 's3://noaa-nexrad-level2/2025/03/27/KEYX/KEYX20250327_130855_V06']"
108057,F,C25A,DSM UA /OV DSM290050/TM 1313/FL165/TP C25A/SK SKC/TB NEG/IC NEG/RM DURC,NEG,202503271300-KMSC-UBUS01-PIREP,16500.0,41.818989872487485,-94.69930604286584,2025-03-27 13:13:00,0.0,L,"('KDMX', 'KOAX', 'KFSD', 'KEAX', 'KTWX')","['s3://noaa-nexrad-level2/2025/03/27/KDMX/KDMX20250327_131015_V06', 's3://noaa-nexrad-level2/2025/03/27/KOAX/KOAX20250327_131149_V06', 's3://noaa-nexrad-level2/2025/03/27/KFSD/KFSD20250327_131247_V06', 's3://noaa-nexrad-level2/2025/03/27/KEAX/KEAX20250327_131241_V06', 's3://noaa-nexrad-level2/2025/03/27/KTWX/KTWX20250327_130740_V06']"
108058,F,E145,SAT UA /OV KSAT320040/TM 1314/FL280/TP E145/TB CONT LGT-MOD CHOP/RM ZHU,CONT LGT-MOD CHOP,202503271300-KMSC-UBUS01-PIREP,28000.0,30.04442766185395,-98.96234008603685,2025-03-27 13:14:00,2.0,M,"('KEWX', 'KDFX', 'KGRK', 'KSJT', 'KDYX')","['s3://noaa-nexrad-level2/2025/03/27/KEWX/KEWX20250327_131228_V06', 's3://noaa-nexrad-level2/2025/03/27/KDFX/KDFX20250327_130941_V06', 's3://noaa-nexrad-level2/2025/03/27/KGRK/KGRK20250327_131331_V06', 's3://noaa-nexrad-level2/2025/03/27/KSJT/KSJT20250327_131126_V06', 's3://noaa-nexrad-level2/2025/03/27/KDYX/KDYX20250327_131224_V06']"
108059,F,A319,SHV UA /OV SHV/TM 1316/FL280/TP A319/TB LGT CONS CAT OCNL MOD CHOP/RM ZFW,LGT CONS CAT OCNL MOD CHOP,202503271300-KMSC-UBUS01-PIREP,28000.0,32.4472,-93.8244,2025-03-27 13:16:00,2.0,M,"('KSHV', 'KPOE', 'KLCH', 'KLZK', 'KSRX')","['s3://noaa-nexrad-level2/2025/03/27/KSHV/KSHV20250327_131446_V06', 's3://noaa-nexrad-level2/2025/03/27/KPOE/KPOE20250327_131429_V06', 's3://noaa-nexrad-level2/2025/03/27/KLCH/KLCH20250327_131250_V06', 's3://noaa-nexrad-level2/2025/03/27/KLZK/KLZK20250327_131259_V06', 's3://noaa-nexrad-level2/2025/03/27/KSRX/KSRX20250327_131241_V06']"
108060,F,A319,LMT UA /OV LMT/TM 1318/FL270/TP A319/TB MOD CHOP/RM ZSE,MOD CHOP,202503271300-KMSC-UBUS01-PIREP,27000.0,42.14694,-121.72417,2025-03-27 13:18:00,3.0,M,"('KMAX', 'KBBX', 'KBHX', 'KRGX', 'KDAX')","['s3://noaa-nexrad-level2/2025/03/27/KMAX/KMAX20250327_131540_V06', 's3://noaa-nexrad-level2/2025/03/27/KBBX/KBBX20250327_131154_V06', 's3://noaa-nexrad-level2/2025/03/27/KBHX/KBHX20250327_131639_V06', 's3://noaa-nexrad-level2/2025/03/27/KRGX/KRGX20250327_083013_V06', 's3://noaa-nexrad-level2/2025/03/27/KDAX/KDAX20250327_131607_V06']"
108061,F,E75L,SDF UA /OV IIU090030/TM 1318/FL170/TP E75L/SK TOP 170/TB CONS LGT 150-170,CONS LGT 150-170,202503271300-KMSC-UBUS01-PIREP,17000.0,38.1,-84.94457205984529,2025-03-27 13:18:00,1.0,U,"('KLVX', 'KJKL', 'KILN', 'KIND', 'KOHX')","['s3://noaa-nexrad-level2/2025/03/27/KLVX/KLVX20250327_131533_V06', 's3://noaa-nexrad-level2/2025/03/27/KJKL/KJKL20250327_131612_V06', 's3://noaa-nexrad-level2/2025/03/27/KILN/KILN20250327_131732_V06', 's3://noaa-nexrad-level2/2025/03/27/KIND/KIND20250327_131735_V06', 's3://noaa-nexrad-level2/2025/03/27/KOHX/KOHX20250327_131737_V06']"
108062,F,B757,STL UA /OV STL360015/TM 1319/FL370/TP B757/TB MOD/RM /ZKC FDC/AF,MOD,202503271300-KMSC-UBUS01-PIREP,37000.0,39.00247025002025,-90.3734,2025-03-27 13:19:00,3.0,M,"('KLSX', 'KILX', 'KPAH', 'KDVN', 'KVWX')","['s3://noaa-nexrad-level2/2025/03/27/KLSX/KLSX20250327_131712_V06', 's3://noaa-nexrad-level2/2025/03/27/KILX/KILX20250327_131515_V06', 's3://noaa-nexrad-level2/2025/03/27/KPAH/KPAH20250327_131702_V06', 's3://noaa-nexrad-level2/2025/03/27/KDVN/KDVN20250327_131833_V06', 's3://noaa-nexrad-level2/2025/03/27/KVWX/KVWX20250327_131541_V06']"
108063,F,B738,CHA UA /OV GQO/TM 1320/FL300/TP B738/TB NEG/RM ZTLFD 37,NEG,202503271300-KMSC-UBUS01-PIREP,30000.0,34.96,-85.15,2025-03-27 13:20:00,0.0,M,"('KHTX', 'KFFC', 'KOHX', 'KMRX', 'KBMX')","['s3://noaa-nexrad-level2/2025/03/27/KHTX/KHTX20250327_131717_V06', 's3://noaa-nexrad-level2/2025/03/27/KFFC/KFFC20250327_131439_V06', 's3://noaa-nexrad-level2/2025/03/27/KOHX/KOHX20250327_131737_V06', 's3://noaa-nexrad-level2/2025/03/27/KMRX/KMRX20250327_121013_V06', 's3://noaa-nexrad-level2/2025/03/27/KBMX/KBMX20250327_131829_V06']"
108064,F,CRJ7,MGM UA /OV MGM090015/TM 1321/FL290/TP CRJ7/SK SKC/TB CONS LGT CAT/IC NEG/RM ZTLFD 09,CONS LGT CAT,202503271300-KMSC-UBUS01-PIREP,29000.0,32.30064,-86.09817761268674,2025-03-27 13:21:00,1.0,M,"('KMXX', 'KEOX', 'KBMX', 'KEVX', 'KFFC')","['s3://noaa-nexrad-level2/2025/03/27/KMXX/KMXX20250327_131659_V06', 's3://noaa-nexrad-level2/2025/03/27/KEOX/KEOX20250327_131950_V06', 's3://noaa-nexrad-level2/2025/03/27/KBMX/KBMX20250327_131829_V06', 's3://noaa-nexrad-level2/2025/03/27/KEVX/KEVX20250327_131312_V06', 's3://noaa-nexrad-level2/2025/03/27/KFFC/KFFC20250327_131439_V06']"
108065,F,C208,ENA UA /OV ENA045010 /TM 1321 /FL010 /TP C208 /SK SKC /WX FV40SM/TA 02 /TB NEG /IC NEG /RM (AKFSS),NEG,202503271300-KMSC-UBUS01-PIREP,1000.0,60.68786067614885,-151.00013368719416,2025-03-27 13:21:00,0.0,L,"('PAHG', 'PAIH', 'PAIH', 'PAPD', 'PAKC')","['s3://noaa-nexrad-level2/2025/03/27/PAHG/PAHG20250327_131542_V06', 's3://noaa-nexrad-level2/2025/03/27/PAIH/PAIH20250327_131410_V06', 's3://noaa-nexrad-level2/2025/03/27/PAIH/PAIH20250327_131410_V06', 's3://noaa-nexrad-level2/2025/03/27/PAPD/PAPD20250327_132054_V06', 's3://noaa-nexrad-level2/2025/03/27/PAKC/PAKC20250327_131659_V06']"
108066,F,C208,ENA UA /OV ENA045010 /TM 1321 /FL010 /TP C208 /SK SKC /WX FV40SM /TA 02 /TB NEG /IC NEG /RM (AKFSS,NEG,202503271330-KWBC-UBUS31-PRCUS,1000.0,60.68786067614885,-151.00013368719416,2025-03-27 13:21:00,0.0,L,"('PAHG', 'PAIH', 'PAIH', 'PAPD', 'PAKC')","['s3://noaa-nexrad-level2/2025/03/27/PAHG/PAHG20250327_131542_V06', 's3://noaa-nexrad-level2/2025/03/27/PAIH/PAIH20250327_131410_V06', 's3://noaa-nexrad-level2/2025/03/27/PAIH/PAIH20250327_131410_V06', 's3://noaa-nexrad-level2/2025/03/27/PAPD/PAPD20250327_132054_V06', 's3://noaa-nexrad-level2/2025/03/27/PAKC/PAKC20250327_131659_V06']"
108067,F,PC12,CSV UA /OV HCH/TM 1322/FL200/TP PC12/SK TOP/TB LGT CHOP/IC NEG/RM ZTLFD 41,LGT CHOP,202503271300-KMSC-UBUS01-PIREP,20000.0,35.78,-84.98,2025-03-27 13:22:00,1.0,L,"('KHTX', 'KMRX', 'KOHX', 'KLVX', 'KFFC')","['s3://noaa-nexrad-level2/2025/03/27/KHTX/KHTX20250327_132134_V06', 's3://noaa-nexrad-level2/2025/03/27/KMRX/KMRX20250327_121013_V06', 's3://noaa-nexrad-level2/2025/03/27/KOHX/KOHX20250327_131737_V06', 's3://noaa-nexrad-level2/2025/03/27/KLVX/KLVX20250327_131956_V06', 's3://noaa-nexrad-level2/2025/03/27/KFFC/KFFC20250327_132134_V06']"
108068,F,A320,LBB UA /OV LBB280030/TM 1323/FL340/TP A320/TB MOD OCNL CHOP/RM ZFW,MOD OCNL CHOP,202503271300-KMSC-UBUS01-PIREP,34000.0,33.750471121591694,-102.41444187180232,2025-03-27 13:23:00,3.0,M,"('KLBB', 'KFDX', 'KAMA', 'KMAF', 'KSJT')","['s3://noaa-nexrad-level2/2025/03/27/KLBB/KLBB20250327_131914_V06', 's3://noaa-nexrad-level2/2025/03/27/KFDX/KFDX20250327_132056_V06', 's3://noaa-nexrad-level2/2025/03/27/KAMA/KAMA20250327_120227_V06', 's3://noaa-nexrad-level2/2025/03/27/KMAF/KMAF20250327_132239_V06', 's3://noaa-nexrad-level2/2025/03/27/KSJT/KSJT20250327_131816_V06']"
108069,F,B737,MGM UA /OV MGM270035/TM 1323/FL300/TP B737/SK SKC/TB NEG/IC NEG/RM ZTLFD 11,NEG,202503271300-KMSC-UBUS01-PIREP,30000.0,32.30064,-87.08415223706426,2025-03-27 13:23:00,0.0,M,"('KBMX', 'KMXX', 'KEOX', 'KMOB', 'KGWX')","['s3://noaa-nexrad-level2/2025/03/27/KBMX/KBMX20250327_131829_V06', 's3://noaa-nexrad-level2/2025/03/27/KMXX/KMXX20250327_131659_V06', 's3://noaa-nexrad-level2/2025/03/27/KEOX/KEOX20250327_131950_V06', 's3://noaa-nexrad-level2/2025/03/27/KMOB/KMOB20250327_131422_V06', 's3://noaa-nexrad-level2/2025/03/27/KGWX/KGWX20250327_131838_V06']"
108070,F,B38M,PBI UA /OV PBI080017/TM 1323/FL150/TP B38M/WX VMC/TB NEG,NEG,202503271300-KMSC-UBUS01-PIREP,15000.0,26.73390430223529,-79.78708419787392,2025-03-27 13:23:00,0.0,U,"('KAMX', 'KAMX', 'KMLB', 'KTBW', 'KBYX')","['s3://noaa-nexrad-level2/2025/03/27/KAMX/KAMX20250327_132119_V06', 's3://noaa-nexrad-level2/2025/03/27/KAMX/KAMX20250327_132119_V06', 's3://noaa-nexrad-level2/2025/03/27/KMLB/KMLB20250327_131926_V06', 's3://noaa-nexrad-level2/2025/03/27/KTBW/KTBW20250327_131711_V06', 's3://noaa-nexrad-level2/2025/03/27/KBYX/KBYX20250327_131920_V06']"
108071,F,A20N,MBPV UA /OV PVN350030/TM 1324/FL350/TP A20N/TB MOD,MOD,202503271300-KMSC-UBUS01-PIREP,35000.0,22.262443761259984,-72.35349949155292,2025-03-27 13:24:00,3.0,U,"('KAMX', 'KAMX', 'KBYX', 'KMLB', 'KTBW')","['s3://noaa-nexrad-level2/2025/03/27/KAMX/KAMX20250327_132119_V06', 's3://noaa-nexrad-level2/2025/03/27/KAMX/KAMX20250327_132119_V06', 's3://noaa-nexrad-level2/2025/03/27/KBYX/KBYX20250327_132356_V06', 's3://noaa-nexrad-level2/2025/03/27/KMLB/KMLB20250327_131926_V06', 's3://noaa-nexrad-level2/2025/03/27/KTBW/KTBW20250327_131711_V06']"
