,URGENT,AIRCRAFT,REPORT,TURBULENCE,PRODUCT_ID,FL,LAT,LON,datetime,turbulence_intensity,Plane Weight,nexrad_sites,aws_files
94800,F,PC12,SFF UA /OV SFF/TM 1825/FL048/TP PC12/SK BKN048-TOP067/TB LGT /IC NEG,LGT,202503201800-KMSC-UBUS01-PIREP,4800.0,47.68282,-117.32256,2025-03-20 18:25:00,1.0,L,"('KOTX', 'KPDT', 'KMSX', 'KCBX', 'KATX')","['s3://noaa-nexrad-level2/2025/03/20/KOTX/KOTX20250320_182012_V06', 's3://noaa-nexrad-level2/2025/03/20/KPDT/KPDT20250320_182448_V06', 's3://noaa-nexrad-level2/2025/03/20/KMSX/KMSX20250320_181957_V06', 's3://noaa-nexrad-level2/2025/03/20/KCBX/KCBX20250320_181931_V06', 's3://noaa-nexrad-level2/2025/03/20/KATX/KATX20250320_182057_V06']"
94801,F,E75S,AVL UA /OV SUG330050/TM 1826/FL120/TP E75S/TB CONS MOD CHOP/RM ZTLFD-44,CONS MOD CHOP,202503201800-KMSC-UBUS01-PIREP,12000.0,36.13174629326024,-82.78127211794569,2025-03-20 18:26:00,3.0,U,"('KMRX', 'KGSP', 'KJKL', 'KRLX', 'KFCX')","['s3://noaa-nexrad-level2/2025/03/20/KMRX/KMRX20250320_182001_V06', 's3://noaa-nexrad-level2/2025/03/20/KGSP/KGSP20250320_182203_V06', 's3://noaa-nexrad-level2/2025/03/20/KJKL/KJKL20250320_182557_V06', 's3://noaa-nexrad-level2/2025/03/20/KRLX/KRLX20250320_182122_V06', 's3://noaa-nexrad-level2/2025/03/20/KFCX/KFCX20250320_182234_V06']"
94802,F,B737,MGM UA /OV KALX/TM 1826/FL260/TP B737/SK SKC/TB MOD CAT/IC NEG/RM ZTLFD-09,MOD CAT,202503201800-KMSC-UBUS01-PIREP,26000.0,32.9142739,-85.96126484,2025-03-20 18:26:00,3.0,M,"('KMXX', 'KBMX', 'KFFC', 'KEOX', 'KHTX')","['s3://noaa-nexrad-level2/2025/03/20/KMXX/KMXX20250320_145341_V06', 's3://noaa-nexrad-level2/2025/03/20/KBMX/KBMX20250320_182123_V06', 's3://noaa-nexrad-level2/2025/03/20/KFFC/KFFC20250320_182325_V06', 's3://noaa-nexrad-level2/2025/03/20/KEOX/KEOX20250320_143812_V06', 's3://noaa-nexrad-level2/2025/03/20/KHTX/KHTX20250320_182147_V06']"
94803,F,A321,BFF UA /OV BFF105045/TM 1826/FL330/TP A321/TB OCNL MOD CHOP 320 CONS MOD CHOP 330/RM ZDVWC-33,OCNL MOD CHOP 320 CONS MOD CHOP 330,202503201800-KMSC-UBUS01-PIREP,33000.0,41.6798999929004,-102.62264878367594,2025-03-20 18:26:00,3.0,M,"('KLNX', 'KCYS', 'KUDX', 'KGLD', 'KFTG')","['s3://noaa-nexrad-level2/2025/03/20/KLNX/KLNX20250320_182523_V06', 's3://noaa-nexrad-level2/2025/03/20/KCYS/KCYS20250320_182057_V06', 's3://noaa-nexrad-level2/2025/03/20/KUDX/KUDX20250320_182050_V06', 's3://noaa-nexrad-level2/2025/03/20/KGLD/KGLD20250320_181938_V06', 's3://noaa-nexrad-level2/2025/03/20/KFTG/KFTG20250320_182334_V06']"
94804,F,CRJ9,LGC UA /OV LGC/TM 1827/FL160/TP CRJ9/SK SKC/TB LGT CHOP/IC NEG/RM ZTLFD-09,LGT CHOP,202503201800-KMSC-UBUS01-PIREP,16000.0,33.00886,-85.07261,2025-03-20 18:27:00,1.0,U,"('KFFC', 'KMXX', 'KEOX', 'KBMX', 'KJGX')","['s3://noaa-nexrad-level2/2025/03/20/KFFC/KFFC20250320_182325_V06', 's3://noaa-nexrad-level2/2025/03/20/KMXX/KMXX20250320_145341_V06', 's3://noaa-nexrad-level2/2025/03/20/KEOX/KEOX20250320_143812_V06', 's3://noaa-nexrad-level2/2025/03/20/KBMX/KBMX20250320_182123_V06', 's3://noaa-nexrad-level2/2025/03/20/KJGX/KJGX20250320_182500_V06']"
94805,F,B772,SNY UA /OV SNY060050/TM 1827/FL320/TP B772/TB CONS MOD CHOP/RM ZDVWC-,CONS MOD CHOP,202503201800-KMSC-UBUS01-PIREP,32000.0,41.51809041670042,-102.02692192251271,2025-03-20 18:27:00,3.0,H,"('KLNX', 'KGLD', 'KUDX', 'KCYS', 'KFTG')","['s3://noaa-nexrad-level2/2025/03/20/KLNX/KLNX20250320_182523_V06', 's3://noaa-nexrad-level2/2025/03/20/KGLD/KGLD20250320_181938_V06', 's3://noaa-nexrad-level2/2025/03/20/KUDX/KUDX20250320_182050_V06', 's3://noaa-nexrad-level2/2025/03/20/KCYS/KCYS20250320_182057_V06', 's3://noaa-nexrad-level2/2025/03/20/KFTG/KFTG20250320_182334_V06']"
94806,F,B772,SNY UA /OV SNY060050/TM 1827/FL320/TP B772/TB CONS MOD CHOP/RM ZDVWC,CONS MOD CHOP,202503201840-KWBC-UBUS31-PRCUS,32000.0,41.51809041670042,-102.02692192251271,2025-03-20 18:27:00,3.0,H,"('KLNX', 'KGLD', 'KUDX', 'KCYS', 'KFTG')","['s3://noaa-nexrad-level2/2025/03/20/KLNX/KLNX20250320_182523_V06', 's3://noaa-nexrad-level2/2025/03/20/KGLD/KGLD20250320_181938_V06', 's3://noaa-nexrad-level2/2025/03/20/KUDX/KUDX20250320_182050_V06', 's3://noaa-nexrad-level2/2025/03/20/KCYS/KCYS20250320_182057_V06', 's3://noaa-nexrad-level2/2025/03/20/KFTG/KFTG20250320_182334_V06']"
94807,F,B737,BHM UA /OV VUZ/TM 1828/FL160/TP B737/TB NEG/IC NEG/RM ZTLFD-13,NEG,202503201800-KMSC-UBUS01-PIREP,16000.0,33.67,-86.9,2025-03-20 18:28:00,0.0,M,"('KBMX', 'KGWX', 'KHTX', 'KMXX', 'KFFC')","['s3://noaa-nexrad-level2/2025/03/20/KBMX/KBMX20250320_182123_V06', 's3://noaa-nexrad-level2/2025/03/20/KGWX/KGWX20250320_182452_V06', 's3://noaa-nexrad-level2/2025/03/20/KHTX/KHTX20250320_182625_V06', 's3://noaa-nexrad-level2/2025/03/20/KMXX/KMXX20250320_145341_V06', 's3://noaa-nexrad-level2/2025/03/20/KFFC/KFFC20250320_182325_V06']"
94808,F,B738,BFF UA /OV BFF085055/TM 1828/FL360/TP B738/TB OCNL MOD CHOP/RM ZDVWC-,OCNL MOD CHOP,202503201800-KMSC-UBUS01-PIREP,36000.0,41.95392923550572,-102.36916261878086,2025-03-20 18:28:00,3.0,M,"('KLNX', 'KUDX', 'KCYS', 'KGLD', 'KFTG')","['s3://noaa-nexrad-level2/2025/03/20/KLNX/KLNX20250320_182523_V06', 's3://noaa-nexrad-level2/2025/03/20/KUDX/KUDX20250320_182734_V06', 's3://noaa-nexrad-level2/2025/03/20/KCYS/KCYS20250320_182057_V06', 's3://noaa-nexrad-level2/2025/03/20/KGLD/KGLD20250320_181938_V06', 's3://noaa-nexrad-level2/2025/03/20/KFTG/KFTG20250320_182334_V06']"
94809,F,B738,BFF UA /OV BFF085055/TM 1828/FL360/TP B738/TB OCNL MOD CHOP/RM ZDVWC,OCNL MOD CHOP,202503201840-KWBC-UBUS31-PRCUS,36000.0,41.95392923550572,-102.36916261878086,2025-03-20 18:28:00,3.0,M,"('KLNX', 'KUDX', 'KCYS', 'KGLD', 'KFTG')","['s3://noaa-nexrad-level2/2025/03/20/KLNX/KLNX20250320_182523_V06', 's3://noaa-nexrad-level2/2025/03/20/KUDX/KUDX20250320_182734_V06', 's3://noaa-nexrad-level2/2025/03/20/KCYS/KCYS20250320_182057_V06', 's3://noaa-nexrad-level2/2025/03/20/KGLD/KGLD20250320_181938_V06', 's3://noaa-nexrad-level2/2025/03/20/KFTG/KFTG20250320_182334_V06']"
94810,F,GLEX,TOL UA /OV 5W TOL/TM 1829/FL060/TP GLEX/SK IMC@060/TA M01/TB LGT ICE/IC LGT RAIN,LGT ICE,202503201800-KMSC-UBUS01-PIREP,6000.0,41.58861,-83.91281764255783,2025-03-20 18:29:00,1.0,M,"('KDTX', 'KIWX', 'KCLE', 'KGRR', 'KILN')","['s3://noaa-nexrad-level2/2025/03/20/KDTX/KDTX20250320_182634_V06', 's3://noaa-nexrad-level2/2025/03/20/KIWX/KIWX20250320_182408_V06', 's3://noaa-nexrad-level2/2025/03/20/KCLE/KCLE20250320_182529_V06', 's3://noaa-nexrad-level2/2025/03/20/KGRR/KGRR20250320_182058_V06', 's3://noaa-nexrad-level2/2025/03/20/KILN/KILN20250320_182623_V06']"
94811,F,E170,ELD UA /OV ELD200030/TM 1830/FL350/TP E170/TB CONS LGT CHOP/RM ZFW,CONS LGT CHOP,202503201800-KMSC-UBUS01-PIREP,35000.0,32.75108563201785,-93.01771618636026,2025-03-20 18:30:00,1.0,U,"('KSHV', 'KPOE', 'KLZK', 'KLCH', 'KSRX')","['s3://noaa-nexrad-level2/2025/03/20/KSHV/KSHV20250320_182651_V06', 's3://noaa-nexrad-level2/2025/03/20/KPOE/KPOE20250320_182653_V06', 's3://noaa-nexrad-level2/2025/03/20/KLZK/KLZK20250320_182725_V06', 's3://noaa-nexrad-level2/2025/03/20/KLCH/KLCH20250320_182940_V06', 's3://noaa-nexrad-level2/2025/03/20/KSRX/KSRX20250320_182225_V06']"
94812,F,A320,ILM UA /OV ILM190100/TM 1831/FL350/TP A320/TB NEG,NEG,202503201800-KMSC-UBUS01-PIREP,35000.0,32.62852079580005,-78.25024133425211,2025-03-20 18:31:00,0.0,M,"('KLTX', 'KMHX', 'KCLX', 'KRAX', 'KCAE')","['s3://noaa-nexrad-level2/2025/03/20/KLTX/KLTX20250320_182853_V06', 's3://noaa-nexrad-level2/2025/03/20/KMHX/KMHX20250320_182923_V06', 's3://noaa-nexrad-level2/2025/03/20/KCLX/KCLX20250320_182850_V06', 's3://noaa-nexrad-level2/2025/03/20/KRAX/KRAX20250320_182532_V06', 's3://noaa-nexrad-level2/2025/03/20/KCAE/KCAE20250320_182928_V06']"
94813,F,M20P,DFW UA /OV CQY275030/TM 1832/FL060/TP M20P/TB CONS MOD/RM ZFW,CONS MOD,202503201800-KMSC-UBUS01-PIREP,6000.0,32.233581401184935,-96.80861614412883,2025-03-20 18:32:00,3.0,L,"('KFWS', 'KGRK', 'KDYX', 'KEWX', 'KSHV')","['s3://noaa-nexrad-level2/2025/03/20/KFWS/KFWS20250320_182503_V06', 's3://noaa-nexrad-level2/2025/03/20/KGRK/KGRK20250320_182808_V06', 's3://noaa-nexrad-level2/2025/03/20/KDYX/KDYX20250320_183130_V06', 's3://noaa-nexrad-level2/2025/03/20/KEWX/KEWX20250320_183141_V06', 's3://noaa-nexrad-level2/2025/03/20/KSHV/KSHV20250320_182651_V06']"
94814,F,B757,ONM UA /OV ONM065015/TM 1832/FL370/TP B757/TB CONS LGT CHOP OCNL MOD CHOP/RM ZAB/FDCS,CONS LGT CHOP OCNL MOD CHOP,202503210200-KMSC-UBUS01-PIREP,37000.0,34.12813532346354,-106.62974323439607,2025-03-20 18:32:00,2.0,M,"('KABX', 'KHDX', 'KEPZ', 'KFDX', 'KEMX')","['s3://noaa-nexrad-level2/2025/03/20/KABX/KABX20250320_183044_V06', 's3://noaa-nexrad-level2/2025/03/20/KHDX/KHDX20250320_183005_V06', 's3://noaa-nexrad-level2/2025/03/20/KEPZ/KEPZ20250320_182521_V06', 's3://noaa-nexrad-level2/2025/03/20/KFDX/KFDX20250320_183103_V06', 's3://noaa-nexrad-level2/2025/03/20/KEMX/KEMX20250320_182506_V06']"
94815,F,PC12,PCD UA /OV PCD/TM 1833/FL180/TP PC12/TB MOD 034/RM PILOT STATES VERY WINDY ON DEPARTURE ZKC FDC,MOD 034,202503201800-KMSC-UBUS01-PIREP,18000.0,37.8667,-89.8651,2025-03-20 18:33:00,3.0,L,"('KLSX', 'KPAH', 'KVWX', 'KILX', 'KNQA')","['s3://noaa-nexrad-level2/2025/03/20/KLSX/KLSX20250320_182644_V06', 's3://noaa-nexrad-level2/2025/03/20/KPAH/KPAH20250320_183042_V06', 's3://noaa-nexrad-level2/2025/03/20/KVWX/KVWX20250320_183209_V06', 's3://noaa-nexrad-level2/2025/03/20/KILX/KILX20250320_182745_V06', 's3://noaa-nexrad-level2/2025/03/20/KNQA/KNQA20250320_183151_V06']"
94816,F,BE40,BTV UA /OV 146001/TM 1834/FL004/TP BE40/TB LGT/RM +/- 10-15 KTS,LGT,202503201800-KMSC-UBUS01-PIREP,400.0,44.47,-73.15,2025-03-20 18:34:00,1.0,M,"('KCXX', 'KENX', 'KTYX', 'KGYX', 'KBOX')","['s3://noaa-nexrad-level2/2025/03/20/KCXX/KCXX20250320_182940_V06', 's3://noaa-nexrad-level2/2025/03/20/KENX/KENX20250320_183354_V06', 's3://noaa-nexrad-level2/2025/03/20/KTYX/KTYX20250320_183205_V06', 's3://noaa-nexrad-level2/2025/03/20/KGYX/KGYX20250320_183056_V06', 's3://noaa-nexrad-level2/2025/03/20/KBOX/KBOX20250320_183016_V06']"
94817,F,CRJ9,SHV UA /OV EIC120030/TM 1834/FL180/TP CRJ9/TB MOD CHOP/RM ZFW,MOD CHOP,202503201800-KMSC-UBUS01-PIREP,18000.0,32.519979749979754,-93.29498815358652,2025-03-20 18:34:00,3.0,U,"('KSHV', 'KPOE', 'KLCH', 'KLZK', 'KSRX')","['s3://noaa-nexrad-level2/2025/03/20/KSHV/KSHV20250320_182651_V06', 's3://noaa-nexrad-level2/2025/03/20/KPOE/KPOE20250320_183345_V06', 's3://noaa-nexrad-level2/2025/03/20/KLCH/KLCH20250320_182940_V06', 's3://noaa-nexrad-level2/2025/03/20/KLZK/KLZK20250320_182725_V06', 's3://noaa-nexrad-level2/2025/03/20/KSRX/KSRX20250320_183043_V06']"
94818,F,A321,EEO UA /OV EKR061013/TM 1834/FL360/TP A321/TB OCNL LGT CHOP/RM ZDVWC-03,OCNL LGT CHOP,202503201800-KMSC-UBUS01-PIREP,36000.0,40.17505059280405,-107.67234999457436,2025-03-20 18:34:00,1.0,M,"('KGJX', 'KRIW', 'KCYS', 'KFTG', 'KPUX')","['s3://noaa-nexrad-level2/2025/03/20/KGJX/KGJX20250320_182927_V06', 's3://noaa-nexrad-level2/2025/03/20/KRIW/KRIW20250320_183204_V06', 's3://noaa-nexrad-level2/2025/03/20/KCYS/KCYS20250320_183040_V06', 's3://noaa-nexrad-level2/2025/03/20/KFTG/KFTG20250320_183215_V06', 's3://noaa-nexrad-level2/2025/03/20/KPUX/KPUX20250320_183054_V06']"
94819,F,A319,DLL UA /OV DLL360020/TM 1835/FL320/TP A319/TB CONS LGT,CONS LGT,202503201800-KMSC-UBUS01-PIREP,32000.0,43.85536033336033,-89.771,2025-03-20 18:35:00,1.0,M,"('KARX', 'KMKX', 'KGRB', 'KDVN', 'KLOT')","['s3://noaa-nexrad-level2/2025/03/20/KARX/KARX20250320_182840_V06', 's3://noaa-nexrad-level2/2025/03/20/KMKX/KMKX20250320_183358_V06', 's3://noaa-nexrad-level2/2025/03/20/KGRB/KGRB20250320_183118_V06', 's3://noaa-nexrad-level2/2025/03/20/KDVN/KDVN20250320_183007_V06', 's3://noaa-nexrad-level2/2025/03/20/KLOT/KLOT20250320_183004_V06']"
94820,F,CRJ9,ATL UA /OV ATL090002/TM 1838/FL010/TP CRJ9/SK BASES BKN058/TB MOD @ 010,MOD @ 010,202503201800-KMSC-UBUS01-PIREP,1000.0,33.6301,-84.40176298820708,2025-03-20 18:38:00,3.0,U,"('KFFC', 'KJGX', 'KMXX', 'KHTX', 'KBMX')","['s3://noaa-nexrad-level2/2025/03/20/KFFC/KFFC20250320_183721_V06', 's3://noaa-nexrad-level2/2025/03/20/KJGX/KJGX20250320_183750_V06', 's3://noaa-nexrad-level2/2025/03/20/KMXX/KMXX20250320_145341_V06', 's3://noaa-nexrad-level2/2025/03/20/KHTX/KHTX20250320_183539_V06', 's3://noaa-nexrad-level2/2025/03/20/KBMX/KBMX20250320_183252_V06']"
94821,F,PA32,ENL UA /OV ENL/TM 1839/FL047/TP PA32/TB CONS MOD CHOP 047/RM ZKC FDC,CONS MOD CHOP 047,202503201800-KMSC-UBUS01-PIREP,4700.0,38.51508,-89.09114,2025-03-20 18:39:00,3.0,L,"('KVWX', 'KPAH', 'KLSX', 'KILX', 'KHPX')","['s3://noaa-nexrad-level2/2025/03/20/KVWX/KVWX20250320_183209_V06', 's3://noaa-nexrad-level2/2025/03/20/KPAH/KPAH20250320_183042_V06', 's3://noaa-nexrad-level2/2025/03/20/KLSX/KLSX20250320_183334_V06', 's3://noaa-nexrad-level2/2025/03/20/KILX/KILX20250320_183734_V06', 's3://noaa-nexrad-level2/2025/03/20/KHPX/KHPX20250320_183607_V06']"
94822,F,P28A,POU UA /OV 3 MILE FINAL RWY 24/TM 1839/FL020/TP P28A/TB TB MOD AOB 020/RM P28A REPORTED MODERATE TURBULENCE AT OR BELOW 200FT ON FINAL FOR RWY 24,TB MOD AOB 020,202503201800-KMSC-UBUS01-PIREP,2000.0,41.62658,-73.88419,2025-03-20 18:39:00,3.0,L,"('KENX', 'KOKX', 'KDIX', 'KBGM', 'KBOX')","['s3://noaa-nexrad-level2/2025/03/20/KENX/KENX20250320_183354_V06', 's3://noaa-nexrad-level2/2025/03/20/KOKX/KOKX20250320_183619_V06', 's3://noaa-nexrad-level2/2025/03/20/KDIX/KDIX20250320_183738_V06', 's3://noaa-nexrad-level2/2025/03/20/KBGM/KBGM20250320_183508_V06', 's3://noaa-nexrad-level2/2025/03/20/KBOX/KBOX20250320_183708_V06']"
94823,F,C68A,LOZ UA /OV LVT100020/TM 1839/FL270/TP C68A/TB LGT CHOP,LGT CHOP,202503201800-KMSC-UBUS01-PIREP,27000.0,36.522112585605534,-84.76117634345547,2025-03-20 18:39:00,1.0,U,"('KMRX', 'KJKL', 'KOHX', 'KLVX', 'KHTX')","['s3://noaa-nexrad-level2/2025/03/20/KMRX/KMRX20250320_183401_V06', 's3://noaa-nexrad-level2/2025/03/20/KJKL/KJKL20250320_183301_V06', 's3://noaa-nexrad-level2/2025/03/20/KOHX/KOHX20250320_183133_V06', 's3://noaa-nexrad-level2/2025/03/20/KLVX/KLVX20250320_183556_V06', 's3://noaa-nexrad-level2/2025/03/20/KHTX/KHTX20250320_183539_V06']"
94824,F,P28A,POU UA /OV POU/TM 1839/FL020/TP P28A/TB MOD AOB 020,MOD AOB 020,202503201800-KMSC-UBUS01-PIREP,2000.0,41.62658,-73.88419,2025-03-20 18:39:00,3.0,L,"('KENX', 'KOKX', 'KDIX', 'KBGM', 'KBOX')","['s3://noaa-nexrad-level2/2025/03/20/KENX/KENX20250320_183354_V06', 's3://noaa-nexrad-level2/2025/03/20/KOKX/KOKX20250320_183619_V06', 's3://noaa-nexrad-level2/2025/03/20/KDIX/KDIX20250320_183738_V06', 's3://noaa-nexrad-level2/2025/03/20/KBGM/KBGM20250320_183508_V06', 's3://noaa-nexrad-level2/2025/03/20/KBOX/KBOX20250320_183708_V06']"
94825,F,C210,JAX UA /OV JAX /TM 1840 /FL105 /TP C210 /TB NEG,NEG,202503201800-KMSC-UBUS01-PIREP,10500.0,30.49406,-81.68786,2025-03-20 18:40:00,0.0,L,"('KJAX', 'KVAX', 'KCLX', 'KMLB', 'KTLH')","['s3://noaa-nexrad-level2/2025/03/20/KJAX/KJAX20250320_183721_V06', 's3://noaa-nexrad-level2/2025/03/20/KVAX/KVAX20250320_183629_V06', 's3://noaa-nexrad-level2/2025/03/20/KCLX/KCLX20250320_183943_V06', 's3://noaa-nexrad-level2/2025/03/20/KMLB/KMLB20250320_183516_V06', 's3://noaa-nexrad-level2/2025/03/20/KTLH/KTLH20250320_183353_V06']"
94826,F,CRJ7,ROC UA /OV ROC120030/TM 1840/FL140/TP CRJ7/TB LGT-MOD 140-160/RM DURC,LGT-MOD 140-160,202503201800-KMSC-UBUS01-PIREP,14000.0,42.86667974997975,-77.08345387452611,2025-03-20 18:40:00,2.0,M,"('KBGM', 'KBUF', 'KTYX', 'KCCX', 'KENX')","['s3://noaa-nexrad-level2/2025/03/20/KBGM/KBGM20250320_183938_V06', 's3://noaa-nexrad-level2/2025/03/20/KBUF/KBUF20250320_183429_V06', 's3://noaa-nexrad-level2/2025/03/20/KTYX/KTYX20250320_183630_V06', 's3://noaa-nexrad-level2/2025/03/20/KCCX/KCCX20250320_183818_V06', 's3://noaa-nexrad-level2/2025/03/20/KENX/KENX20250320_183354_V06']"
94827,F,B737,AXX UA /OV CIM090045/TM 1842/FL380/TP B737/TB CONS LGT/RM ZAB/FDCS,CONS LGT,202503201800-KMSC-UBUS01-PIREP,38000.0,36.49,-103.93704297467671,2025-03-20 18:42:00,1.0,M,"('KFDX', 'KPUX', 'KAMA', 'KABX', 'KFTG')","['s3://noaa-nexrad-level2/2025/03/20/KFDX/KFDX20250320_183754_V06', 's3://noaa-nexrad-level2/2025/03/20/KPUX/KPUX20250320_183800_V06', 's3://noaa-nexrad-level2/2025/03/20/KAMA/KAMA20250320_183540_V06', 's3://noaa-nexrad-level2/2025/03/20/KABX/KABX20250320_183959_V06', 's3://noaa-nexrad-level2/2025/03/20/KFTG/KFTG20250320_184056_V06']"
94828,F,B737,LVS UA /OV CIM090045/TM 1842/FL380/TP B737/TB CONS LGT /RM ZAB/FDCS,CONS LGT,202503202300-KMSC-UBUS01-PIREP,38000.0,36.49,-103.93704297467671,2025-03-20 18:42:00,1.0,M,"('KFDX', 'KPUX', 'KAMA', 'KABX', 'KFTG')","['s3://noaa-nexrad-level2/2025/03/20/KFDX/KFDX20250320_183754_V06', 's3://noaa-nexrad-level2/2025/03/20/KPUX/KPUX20250320_183800_V06', 's3://noaa-nexrad-level2/2025/03/20/KAMA/KAMA20250320_183540_V06', 's3://noaa-nexrad-level2/2025/03/20/KABX/KABX20250320_183959_V06', 's3://noaa-nexrad-level2/2025/03/20/KFTG/KFTG20250320_184056_V06']"
94829,F,B190,SDP UA /OV SDP/TM 1843/FL120/TP B190/TB NEG/IC NEG/RM RWY NIL VERY ICY. DURC. TAXIWAY ICY /ZAN/,NEG,202503201800-KMSC-UBUS01-PIREP,12000.0,55.31,-160.52,2025-03-20 18:43:00,0.0,M,"('PAKC', 'PABC', 'PAEC', 'PAHG', 'PAIH')","['s3://noaa-nexrad-level2/2025/03/20/PAKC/PAKC20250320_183843_V06', 's3://noaa-nexrad-level2/2025/03/20/PAEC/PAEC20250320_183806_V06', 's3://noaa-nexrad-level2/2025/03/20/PAHG/PAHG20250320_184058_V06', 's3://noaa-nexrad-level2/2025/03/20/PAIH/PAIH20250320_164357_V06']"
94830,F,E75S,ITH UA /OV ITH300025/TM 1844/FL270/TP E75S/TB CONS LGT CHOP,CONS LGT CHOP,202503201800-KMSC-UBUS01-PIREP,27000.0,42.69937800835021,-76.94784148021552,2025-03-20 18:44:00,1.0,U,"('KBGM', 'KTYX', 'KBUF', 'KCCX', 'KENX')","['s3://noaa-nexrad-level2/2025/03/20/KBGM/KBGM20250320_183938_V06', 's3://noaa-nexrad-level2/2025/03/20/KTYX/KTYX20250320_184054_V06', 's3://noaa-nexrad-level2/2025/03/20/KBUF/KBUF20250320_184115_V06', 's3://noaa-nexrad-level2/2025/03/20/KCCX/KCCX20250320_184341_V06', 's3://noaa-nexrad-level2/2025/03/20/KENX/KENX20250320_184046_V06']"
94831,F,E545,WHP UA /OV VNY340010/TM 1844/FL041/TP E545/TB NEG/RM SMOOTH RIDE. COR SA-ID AND LOCTN AND TURB. ZLA CWSU,NEG,202503201800-KMSC-UBUS01-PIREP,4100.0,34.36634812266072,-118.55810469677922,2025-03-20 18:44:00,0.0,U,"('KVTX', 'KSOX', 'KEYX', 'KVBX', 'KNKX')","['s3://noaa-nexrad-level2/2025/03/20/KVTX/KVTX20250320_183936_V06', 's3://noaa-nexrad-level2/2025/03/20/KSOX/KSOX20250320_183930_V06', 's3://noaa-nexrad-level2/2025/03/20/KEYX/KEYX20250320_235539_V06', 's3://noaa-nexrad-level2/2025/03/20/KVBX/KVBX20250320_184043_V06', 's3://noaa-nexrad-level2/2025/03/20/KNKX/KNKX20250320_183719_V06']"
94832,T,C172,JAX UUA /OV CRG350025/TM 1845/FL105/TP C172/TB SEV,SEV,202503201800-KMSC-UBUS01-PIREP,10500.0,30.746469801049987,-81.5985386685359,2025-03-20 18:45:00,5.0,L,"('KJAX', 'KVAX', 'KCLX', 'KJGX', 'KTLH')","['s3://noaa-nexrad-level2/2025/03/20/KJAX/KJAX20250320_184156_V06', 's3://noaa-nexrad-level2/2025/03/20/KVAX/KVAX20250320_184107_V06', 's3://noaa-nexrad-level2/2025/03/20/KCLX/KCLX20250320_183943_V06', 's3://noaa-nexrad-level2/2025/03/20/KJGX/KJGX20250320_184206_V06', 's3://noaa-nexrad-level2/2025/03/20/KTLH/KTLH20250320_184051_V06']"
94833,F,PA46,PUB UA /OV PUB200040/TM 1845/FL150/TP PA46/TB OCNL LGT CHOP/RM ZDVWC-41,OCNL LGT CHOP,202503201800-KMSC-UBUS01-PIREP,15000.0,37.663487509357125,-104.788859229651,2025-03-20 18:45:00,1.0,L,"('KPUX', 'KFTG', 'KABX', 'KFDX', 'KCYS')","['s3://noaa-nexrad-level2/2025/03/20/KPUX/KPUX20250320_183800_V06', 's3://noaa-nexrad-level2/2025/03/20/KFTG/KFTG20250320_184056_V06', 's3://noaa-nexrad-level2/2025/03/20/KABX/KABX20250320_184429_V06', 's3://noaa-nexrad-level2/2025/03/20/KFDX/KFDX20250320_184439_V06', 's3://noaa-nexrad-level2/2025/03/20/KCYS/KCYS20250320_184023_V06']"
94834,T,E170,ALB UUA /OV ALB010005/TM 1845/FL005/TP E170/TB LGT /RM +- 10 KTS FINAL RY 19,LGT,202503201800-KMSC-UBUS01-PIREP,500.0,42.83964396021,-73.78389983011112,2025-03-20 18:45:00,1.0,U,"('KENX', 'KCXX', 'KTYX', 'KOKX', 'KBGM')","['s3://noaa-nexrad-level2/2025/03/20/KENX/KENX20250320_184046_V06', 's3://noaa-nexrad-level2/2025/03/20/KCXX/KCXX20250320_184309_V06', 's3://noaa-nexrad-level2/2025/03/20/KTYX/KTYX20250320_184054_V06', 's3://noaa-nexrad-level2/2025/03/20/KOKX/KOKX20250320_184435_V06', 's3://noaa-nexrad-level2/2025/03/20/KBGM/KBGM20250320_183938_V06']"
94835,F,B738,DLL UA /OV DLL/TM 1845/FL340/TP B738/TB CONS LGT CHOP 340 NEG 320,CONS LGT CHOP 340 NEG 320,202503201800-KMSC-UBUS01-PIREP,34000.0,43.522,-89.771,2025-03-20 18:45:00,0.0,M,"('KMKX', 'KARX', 'KGRB', 'KDVN', 'KLOT')","['s3://noaa-nexrad-level2/2025/03/20/KMKX/KMKX20250320_184040_V06', 's3://noaa-nexrad-level2/2025/03/20/KARX/KARX20250320_184219_V06', 's3://noaa-nexrad-level2/2025/03/20/KGRB/KGRB20250320_184423_V06', 's3://noaa-nexrad-level2/2025/03/20/KDVN/KDVN20250320_183947_V06', 's3://noaa-nexrad-level2/2025/03/20/KLOT/KLOT20250320_184337_V06']"
94836,F,SR20,GNV UA /OV GNV340020/TM 1845/FL050/TP SR20/WX -RA/TA 10/TB LGT,LGT,202503201800-KMSC-UBUS01-PIREP,5000.0,30.00495624532144,-82.40726843867994,2025-03-20 18:45:00,1.0,L,"('KJAX', 'KVAX', 'KTLH', 'KTBW', 'KMLB')","['s3://noaa-nexrad-level2/2025/03/20/KJAX/KJAX20250320_184156_V06', 's3://noaa-nexrad-level2/2025/03/20/KVAX/KVAX20250320_184107_V06', 's3://noaa-nexrad-level2/2025/03/20/KTLH/KTLH20250320_184051_V06', 's3://noaa-nexrad-level2/2025/03/20/KTBW/KTBW20250320_184056_V06', 's3://noaa-nexrad-level2/2025/03/20/KMLB/KMLB20250320_184219_V06']"
94837,F,PC12,SMN UA /OV LKT025020/TM 1845/FL200/TP PC12/TB MOD CONS CAT 200/ZLC,MOD CONS CAT 200,202503201800-KMSC-UBUS01-PIREP,20000.0,45.32212706601361,-113.8806901192593,2025-03-20 18:45:00,3.0,L,"('KMSX', 'KSFX', 'KCBX', 'KTFX', 'KMTX')","['s3://noaa-nexrad-level2/2025/03/20/KMSX/KMSX20250320_183744_V06', 's3://noaa-nexrad-level2/2025/03/20/KSFX/KSFX20250320_184120_V06', 's3://noaa-nexrad-level2/2025/03/20/KCBX/KCBX20250320_184043_V06', 's3://noaa-nexrad-level2/2025/03/20/KTFX/KTFX20250320_184051_V06', 's3://noaa-nexrad-level2/2025/03/20/KMTX/KMTX20250320_184408_V06']"
94838,T,BE58,GSO UUA /OV INT270007/TM 1847/FL080/TP BE58/TB MOD-SEVERE/RM NO INJURIES NO DAMAGE,MOD-SEVERE,202503201800-KMSC-UBUS01-PIREP,8000.0,36.13372,-80.36646496598966,2025-03-20 18:47:00,3.0,L,"('KFCX', 'KRAX', 'KGSP', 'KCAE', 'KRLX')","['s3://noaa-nexrad-level2/2025/03/20/KFCX/KFCX20250320_184341_V06', 's3://noaa-nexrad-level2/2025/03/20/KRAX/KRAX20250320_184631_V06', 's3://noaa-nexrad-level2/2025/03/20/KGSP/KGSP20250320_184435_V06', 's3://noaa-nexrad-level2/2025/03/20/KCAE/KCAE20250320_184354_V06', 's3://noaa-nexrad-level2/2025/03/20/KRLX/KRLX20250320_184138_V06']"
94839,F,E75L,RDM UA /OV DSD/TM 1847/FL075/TP E75L/SK BASE070 TOP100/TB MOD 075-100/RM /ZSE,MOD 075-100,202503201800-KMSC-UBUS01-PIREP,7500.0,44.25,-121.3,2025-03-20 18:47:00,3.0,U,"('KRTX', 'KMAX', 'KPDT', 'KLGX', 'KATX')","['s3://noaa-nexrad-level2/2025/03/20/KRTX/KRTX20250320_184520_V06', 's3://noaa-nexrad-level2/2025/03/20/KMAX/KMAX20250320_184339_V06', 's3://noaa-nexrad-level2/2025/03/20/KPDT/KPDT20250320_184602_V06', 's3://noaa-nexrad-level2/2025/03/20/KLGX/KLGX20250320_184557_V06', 's3://noaa-nexrad-level2/2025/03/20/KATX/KATX20250320_184354_V06']"
94840,F,CRJ7,ASE UA /OV DBL/TM 1848/FL140/TP CRJ7/TA M13/TB MOD/IC LGT RIME,MOD,202503201800-KMSC-UBUS01-PIREP,14000.0,39.44,-106.9,2025-03-20 18:48:00,3.0,M,"('KGJX', 'KFTG', 'KCYS', 'KPUX', 'KRIW')","['s3://noaa-nexrad-level2/2025/03/20/KGJX/KGJX20250320_184612_V06', 's3://noaa-nexrad-level2/2025/03/20/KFTG/KFTG20250320_184056_V06', 's3://noaa-nexrad-level2/2025/03/20/KCYS/KCYS20250320_184023_V06', 's3://noaa-nexrad-level2/2025/03/20/KPUX/KPUX20250320_184505_V06', 's3://noaa-nexrad-level2/2025/03/20/KRIW/KRIW20250320_184045_V06']"
94841,F,CRJ9,UES UA /OV BAE090040/TM 1848/FL250/TP CRJ9/TB CONS MOD,CONS MOD,202503201800-KMSC-UBUS01-PIREP,25000.0,43.12,-87.3665885787102,2025-03-20 18:48:00,3.0,U,"('KMKX', 'KGRB', 'KLOT', 'KGRR', 'KIWX')","['s3://noaa-nexrad-level2/2025/03/20/KMKX/KMKX20250320_184735_V06', 's3://noaa-nexrad-level2/2025/03/20/KGRB/KGRB20250320_184423_V06', 's3://noaa-nexrad-level2/2025/03/20/KLOT/KLOT20250320_184337_V06', 's3://noaa-nexrad-level2/2025/03/20/KGRR/KGRR20250320_184651_V06', 's3://noaa-nexrad-level2/2025/03/20/KIWX/KIWX20250320_184106_V06']"
94842,F,B737,ATL UA /OV GQO090035/TM 1849/FL340/TP B737/TB NEG/RM ZTLFD 37,NEG,202503201800-KMSC-UBUS01-PIREP,34000.0,34.96,-84.43817160285045,2025-03-20 18:49:00,0.0,M,"('KMRX', 'KFFC', 'KHTX', 'KGSP', 'KOHX')","['s3://noaa-nexrad-level2/2025/03/20/KMRX/KMRX20250320_184754_V06', 's3://noaa-nexrad-level2/2025/03/20/KFFC/KFFC20250320_184411_V06', 's3://noaa-nexrad-level2/2025/03/20/KHTX/KHTX20250320_184604_V06', 's3://noaa-nexrad-level2/2025/03/20/KGSP/KGSP20250320_184435_V06', 's3://noaa-nexrad-level2/2025/03/20/KOHX/KOHX20250320_184845_V06']"
94843,F,A359,BJI UA /OV BJI/TM 1849/FL400/TP A359/TB NEG,NEG,202503201800-KMSC-UBUS01-PIREP,40000.0,47.50943,-94.93372,2025-03-20 18:49:00,0.0,U,"('KMVX', 'KDLH', 'KMPX', 'KABR', 'KFSD')","['s3://noaa-nexrad-level2/2025/03/20/KMVX/KMVX20250320_184355_V06', 's3://noaa-nexrad-level2/2025/03/20/KDLH/KDLH20250320_184554_V06', 's3://noaa-nexrad-level2/2025/03/20/KMPX/KMPX20250320_184220_V06', 's3://noaa-nexrad-level2/2025/03/20/KABR/KABR20250320_184516_V06', 's3://noaa-nexrad-level2/2025/03/20/KFSD/KFSD20250320_184314_V06']"
94844,F,AA5,FAY UA /OV FAY360025/TM 1850/FL040/TP AA5/SK OVC041/TB MOD/RM MOD PRECIP,MOD,202503201800-KMSC-UBUS01-PIREP,4000.0,35.407920416700414,-78.88028,2025-03-20 18:50:00,3.0,L,"('KRAX', 'KLTX', 'KMHX', 'KFCX', 'KAKQ')","['s3://noaa-nexrad-level2/2025/03/20/KRAX/KRAX20250320_184631_V06', 's3://noaa-nexrad-level2/2025/03/20/KLTX/KLTX20250320_184658_V06', 's3://noaa-nexrad-level2/2025/03/20/KMHX/KMHX20250320_184740_V06', 's3://noaa-nexrad-level2/2025/03/20/KFCX/KFCX20250320_184837_V06', 's3://noaa-nexrad-level2/2025/03/20/KAKQ/KAKQ20250320_184448_V06']"
94845,F,B190,JNU UA /OV CGL/TM 1852/FL015/TP B190/SK SCT015 TOP 070/TB NEG/IC NEG/RM DURC  ZAN,NEG,202503201800-KMSC-UBUS01-PIREP,1500.0,58.36,-134.7,2025-03-20 18:52:00,0.0,M,"('PACG', 'PAIH', 'PAIH', 'PAPD', 'KLGX')","['s3://noaa-nexrad-level2/2025/03/20/PACG/PACG20250320_184853_V06', 's3://noaa-nexrad-level2/2025/03/20/PAIH/PAIH20250320_164357_V06', 's3://noaa-nexrad-level2/2025/03/20/PAIH/PAIH20250320_164357_V06', 's3://noaa-nexrad-level2/2025/03/20/PAPD/PAPD20250320_185006_V06', 's3://noaa-nexrad-level2/2025/03/20/KLGX/KLGX20250320_185128_V06']"
94846,F,CRJ9,DDH UA /OV DDH/TM 1852/FL180/TP CRJ9/TB LGT 180/RM DURD ROZZE,LGT 180,202503201900-KMSC-UBUS01-PIREP,18000.0,42.8935,-73.2486,2025-03-20 18:52:00,1.0,U,"('KENX', 'KCXX', 'KOKX', 'KBOX', 'KTYX')","['s3://noaa-nexrad-level2/2025/03/20/KENX/KENX20250320_184739_V06', 's3://noaa-nexrad-level2/2025/03/20/KCXX/KCXX20250320_184950_V06', 's3://noaa-nexrad-level2/2025/03/20/KOKX/KOKX20250320_184435_V06', 's3://noaa-nexrad-level2/2025/03/20/KBOX/KBOX20250320_185103_V06', 's3://noaa-nexrad-level2/2025/03/20/KTYX/KTYX20250320_184939_V06']"
94847,F,B738,ATL UA /OV ODF/TM 1853/FL350/TP B738/TB NEG/RM ZTLFD 40,NEG,202503201800-KMSC-UBUS01-PIREP,35000.0,34.7,-83.3,2025-03-20 18:53:00,0.0,M,"('KGSP', 'KMRX', 'KFFC', 'KJGX', 'KCAE')","['s3://noaa-nexrad-level2/2025/03/20/KGSP/KGSP20250320_185013_V06', 's3://noaa-nexrad-level2/2025/03/20/KMRX/KMRX20250320_184754_V06', 's3://noaa-nexrad-level2/2025/03/20/KFFC/KFFC20250320_185113_V06', 's3://noaa-nexrad-level2/2025/03/20/KJGX/KJGX20250320_185039_V06', 's3://noaa-nexrad-level2/2025/03/20/KCAE/KCAE20250320_184845_V06']"
94848,F,A321,DEN UA /OV DEN360005/TM 1853/FL070/TP A321/TB NEG/RM DURD RY17R DEN,NEG,202503201800-KMSC-UBUS01-PIREP,7000.0,39.91614008334008,-104.6575,2025-03-20 18:53:00,0.0,M,"('KFTG', 'KCYS', 'KPUX', 'KGLD', 'KGJX')","['s3://noaa-nexrad-level2/2025/03/20/KFTG/KFTG20250320_184937_V06', 's3://noaa-nexrad-level2/2025/03/20/KCYS/KCYS20250320_185007_V06', 's3://noaa-nexrad-level2/2025/03/20/KPUX/KPUX20250320_185211_V06', 's3://noaa-nexrad-level2/2025/03/20/KGLD/KGLD20250320_184834_V06', 's3://noaa-nexrad-level2/2025/03/20/KGJX/KGJX20250320_185147_V06']"
94849,F,C172,DWH UA /OV 7 NW DWH/TM 1853/FL014/TP C172/TB MOD,MOD,202503201900-KMSC-UBUS01-PIREP,1400.0,30.134952671210367,-95.66667684161236,2025-03-20 18:53:00,3.0,L,"('KHGX', 'KGRK', 'KEWX', 'KLCH', 'KPOE')","['s3://noaa-nexrad-level2/2025/03/20/KHGX/KHGX20250320_184750_V06', 's3://noaa-nexrad-level2/2025/03/20/KGRK/KGRK20250320_184845_V06', 's3://noaa-nexrad-level2/2025/03/20/KEWX/KEWX20250320_185214_V06', 's3://noaa-nexrad-level2/2025/03/20/KLCH/KLCH20250320_185010_V06', 's3://noaa-nexrad-level2/2025/03/20/KPOE/KPOE20250320_184750_V06']"
94850,F,C172,BJC UA /OV BJC/TM 1854/FL065/TP C172/TB MOD CHOP 065,MOD CHOP 065,202503201800-KMSC-UBUS01-PIREP,6500.0,39.90881,-105.11719,2025-03-20 18:54:00,3.0,L,"('KFTG', 'KCYS', 'KPUX', 'KGJX', 'KGLD')","['s3://noaa-nexrad-level2/2025/03/20/KFTG/KFTG20250320_184937_V06', 's3://noaa-nexrad-level2/2025/03/20/KCYS/KCYS20250320_185007_V06', 's3://noaa-nexrad-level2/2025/03/20/KPUX/KPUX20250320_185211_V06', 's3://noaa-nexrad-level2/2025/03/20/KGJX/KGJX20250320_185147_V06', 's3://noaa-nexrad-level2/2025/03/20/KGLD/KGLD20250320_184834_V06']"
94851,F,B739,GRI UA /OV GRI080030/TM 1854/FL320/TP B739/TB CONS LGT OCNL MOD CHOP,CONS LGT OCNL MOD CHOP,202503201800-KMSC-UBUS01-PIREP,32000.0,41.05437112159169,-97.65746669571828,2025-03-20 18:54:00,2.0,M,"('KUEX', 'KOAX', 'KTWX', 'KFSD', 'KLNX')","['s3://noaa-nexrad-level2/2025/03/20/KUEX/KUEX20250320_184941_V06', 's3://noaa-nexrad-level2/2025/03/20/KOAX/KOAX20250320_184948_V06', 's3://noaa-nexrad-level2/2025/03/20/KTWX/KTWX20250320_185149_V06', 's3://noaa-nexrad-level2/2025/03/20/KFSD/KFSD20250320_185004_V06', 's3://noaa-nexrad-level2/2025/03/20/KLNX/KLNX20250320_185302_V06']"
94852,F,E170,ORL UA /OV ORL040010/TM 1854/FL330/TP E170/TB CONS LGT,CONS LGT,202503201900-KMSC-UBUS01-PIREP,33000.0,28.673144415463486,-81.21097360513951,2025-03-20 18:54:00,1.0,U,"('KMLB', 'KTBW', 'KJAX', 'KVAX', 'KAMX')","['s3://noaa-nexrad-level2/2025/03/20/KMLB/KMLB20250320_184922_V06', 's3://noaa-nexrad-level2/2025/03/20/KTBW/KTBW20250320_185015_V06', 's3://noaa-nexrad-level2/2025/03/20/KJAX/KJAX20250320_185105_V06', 's3://noaa-nexrad-level2/2025/03/20/KVAX/KVAX20250320_185021_V06', 's3://noaa-nexrad-level2/2025/03/20/KAMX/KAMX20250320_185105_V06']"
94853,F,A320,ELD UA /OV ELD220030/TM 1854/FL350/TP A320/TB CONS LGT CHOP/RM ZFW,CONS LGT CHOP,202503201900-KMSC-UBUS01-PIREP,35000.0,32.83791675360954,-93.19749435148869,2025-03-20 18:54:00,1.0,M,"('KSHV', 'KPOE', 'KLZK', 'KLCH', 'KSRX')","['s3://noaa-nexrad-level2/2025/03/20/KSHV/KSHV20250320_185233_V06', 's3://noaa-nexrad-level2/2025/03/20/KPOE/KPOE20250320_184750_V06', 's3://noaa-nexrad-level2/2025/03/20/KLZK/KLZK20250320_184745_V06', 's3://noaa-nexrad-level2/2025/03/20/KLCH/KLCH20250320_185010_V06', 's3://noaa-nexrad-level2/2025/03/20/KSRX/KSRX20250320_184858_V06']"
94854,F,B38M,END UA /OV END/TM 1855/FL380/TP B38M/TB CONS LGT CHOP/RM ZKC FDC,CONS LGT CHOP,202503201800-KMSC-UBUS01-PIREP,38000.0,36.33917,-97.9165,2025-03-20 18:55:00,1.0,U,"('KVNX', 'KTLX', 'KOUN', 'KICT', 'KFDR')","['s3://noaa-nexrad-level2/2025/03/20/KVNX/KVNX20250320_185446_V06', 's3://noaa-nexrad-level2/2025/03/20/KTLX/KTLX20250320_185359_V06', 's3://noaa-nexrad-level2/2025/03/20/KICT/KICT20250320_151223_V06', 's3://noaa-nexrad-level2/2025/03/20/KFDR/KFDR20250320_184835_V06']"
94855,F,CL30,IAD UA /OV MRB270025/TM 1855/FL170/TP CL30/TA M16/TB MOD/IC MOD RIME 170/RM DURD  NO BASE REPORTED,MOD,202503201900-KMSC-UBUS01-PIREP,17000.0,39.4019,-78.52393965517982,2025-03-20 18:55:00,3.0,U,"('KLWX', 'KCCX', 'KPBZ', 'KAKQ', 'KFCX')","['s3://noaa-nexrad-level2/2025/03/20/KLWX/KLWX20250320_185331_V06', 's3://noaa-nexrad-level2/2025/03/20/KCCX/KCCX20250320_185452_V06', 's3://noaa-nexrad-level2/2025/03/20/KPBZ/KPBZ20250320_185234_V06', 's3://noaa-nexrad-level2/2025/03/20/KAKQ/KAKQ20250320_185135_V06', 's3://noaa-nexrad-level2/2025/03/20/KFCX/KFCX20250320_185321_V06']"
94856,F,B748,RHI UA /OV RHI/TM 1856/FL350/TP B748/TB NEG,NEG,202503201900-KMSC-UBUS01-PIREP,35000.0,45.63119,-89.46747,2025-03-20 18:56:00,0.0,U,"('KGRB', 'KMQT', 'KARX', 'KMKX', 'KDLH')","['s3://noaa-nexrad-level2/2025/03/20/KGRB/KGRB20250320_185121_V06', 's3://noaa-nexrad-level2/2025/03/20/KMQT/KMQT20250320_185117_V06', 's3://noaa-nexrad-level2/2025/03/20/KARX/KARX20250320_184925_V06', 's3://noaa-nexrad-level2/2025/03/20/KMKX/KMKX20250320_185426_V06', 's3://noaa-nexrad-level2/2025/03/20/KDLH/KDLH20250320_185438_V06']"
94857,F,B717,KOA UA /OV UPP/TM 1856/FL240/TP B717/TB CONS LGT,CONS LGT,202503201900-KMSC-UBUS01-PIREP,24000.0,20.26,-155.85,2025-03-20 18:56:00,1.0,M,"('PHKM', 'PHWA', 'PHMO', 'PHKI', 'KBHX')","['s3://noaa-nexrad-level2/2025/03/20/PHKM/PHKM20250320_185439_V06', 's3://noaa-nexrad-level2/2025/03/20/PHWA/PHWA20250320_185220_V06', 's3://noaa-nexrad-level2/2025/03/20/PHMO/PHMO20250320_185127_V06', 's3://noaa-nexrad-level2/2025/03/20/PHKI/PHKI20250320_185329_V06', 's3://noaa-nexrad-level2/2025/03/20/KBHX/KBHX20250320_185201_V06']"
94858,F,C172,VGT UA /OV LAS327010/TM 1857/FL030/TP C172/TB CONS LGT TURB,CONS LGT TURB,202503201800-KMSC-UBUS01-PIREP,3000.0,36.211689750054894,-115.27571338824214,2025-03-20 18:57:00,1.0,L,"('KESX', 'KEYX', 'KICX', 'KSOX', 'KNKX')","['s3://noaa-nexrad-level2/2025/03/20/KESX/KESX20250320_185615_V06', 's3://noaa-nexrad-level2/2025/03/20/KEYX/KEYX20250320_235539_V06', 's3://noaa-nexrad-level2/2025/03/20/KICX/KICX20250320_185624_V06', 's3://noaa-nexrad-level2/2025/03/20/KSOX/KSOX20250320_185328_V06', 's3://noaa-nexrad-level2/2025/03/20/KNKX/KNKX20250320_185127_V06']"
94859,T,PA31,ALB UUA /OV ALB237030/TM 1857/FL065/TP PA31/TB SEV TURB 065,SEV TURB 065,202503201900-KMSC-UBUS01-PIREP,6500.0,42.48522842458952,-74.37477658281482,2025-03-20 18:57:00,5.0,L,"('KENX', 'KBGM', 'KTYX', 'KOKX', 'KCXX')","['s3://noaa-nexrad-level2/2025/03/20/KENX/KENX20250320_185432_V06', 's3://noaa-nexrad-level2/2025/03/20/KBGM/KBGM20250320_185413_V06', 's3://noaa-nexrad-level2/2025/03/20/KTYX/KTYX20250320_185400_V06', 's3://noaa-nexrad-level2/2025/03/20/KOKX/KOKX20250320_185249_V06', 's3://noaa-nexrad-level2/2025/03/20/KCXX/KCXX20250320_185630_V06']"
94860,F,B737,PIE UA /OV PIE030050/TM 1857/FL230/TP B737/TB LGT,LGT,202503201900-KMSC-UBUS01-PIREP,23000.0,28.63174629326025,-82.21587084728114,2025-03-20 18:57:00,1.0,M,"('KTBW', 'KMLB', 'KJAX', 'KVAX', 'KTLH')","['s3://noaa-nexrad-level2/2025/03/20/KTBW/KTBW20250320_185455_V06', 's3://noaa-nexrad-level2/2025/03/20/KMLB/KMLB20250320_185626_V06', 's3://noaa-nexrad-level2/2025/03/20/KJAX/KJAX20250320_185555_V06', 's3://noaa-nexrad-level2/2025/03/20/KVAX/KVAX20250320_185500_V06', 's3://noaa-nexrad-level2/2025/03/20/KTLH/KTLH20250320_185428_V06']"
94861,F,B738,ONM UA /OV ONM001015/TM 1857/FL350/TP B738/TB CONS LGT CHOP OCNL MOD CHOP/RM ZAB/FDCS,CONS LGT CHOP OCNL MOD CHOP,202503210200-KMSC-UBUS01-PIREP,35000.0,34.27245437072517,-106.89787422905428,2025-03-20 18:57:00,2.0,M,"('KABX', 'KHDX', 'KEPZ', 'KFDX', 'KFSX')","['s3://noaa-nexrad-level2/2025/03/20/KABX/KABX20250320_185353_V06', 's3://noaa-nexrad-level2/2025/03/20/KHDX/KHDX20250320_185054_V06', 's3://noaa-nexrad-level2/2025/03/20/KEPZ/KEPZ20250320_185342_V06', 's3://noaa-nexrad-level2/2025/03/20/KFDX/KFDX20250320_185126_V06', 's3://noaa-nexrad-level2/2025/03/20/KFSX/KFSX20250320_185552_V06']"
94862,F,C152,ABI UA /OV 1 W KABI/TM 1859/FL023/TP C152/TB MOD TURBULANCE,MOD TURBULANCE,202503201900-KMSC-UBUS01-PIREP,2300.0,32.41062851,-99.701829119347,2025-03-20 18:59:00,3.0,L,"('KDYX', 'KSJT', 'KFDR', 'KFWS', 'KLBB')","['s3://noaa-nexrad-level2/2025/03/20/KDYX/KDYX20250320_185221_V06', 's3://noaa-nexrad-level2/2025/03/20/KSJT/KSJT20250320_185704_V06', 's3://noaa-nexrad-level2/2025/03/20/KFDR/KFDR20250320_185524_V06', 's3://noaa-nexrad-level2/2025/03/20/KFWS/KFWS20250320_185318_V06', 's3://noaa-nexrad-level2/2025/03/20/KLBB/KLBB20250320_185242_V06']"
94863,F,E75L,UES UA /OV BAE/TM 1859/FL320/TP E75L/TB CONS LGT OCNL MOD 240-300,CONS LGT OCNL MOD 240-300,202503201900-KMSC-UBUS01-PIREP,32000.0,43.12,-88.28,2025-03-20 18:59:00,2.0,U,"('KMKX', 'KGRB', 'KLOT', 'KGRR', 'KDVN')","['s3://noaa-nexrad-level2/2025/03/20/KMKX/KMKX20250320_185426_V06', 's3://noaa-nexrad-level2/2025/03/20/KGRB/KGRB20250320_185825_V06', 's3://noaa-nexrad-level2/2025/03/20/KLOT/KLOT20250320_185729_V06', 's3://noaa-nexrad-level2/2025/03/20/KGRR/KGRR20250320_185528_V06', 's3://noaa-nexrad-level2/2025/03/20/KDVN/KDVN20250320_184929_V06']"
94864,F,E145,ALB UA /OV ALB/TM 1900/FL045/TP E145/TB LGT-MOD CHOP SFC-045/RM DURC RY19,LGT-MOD CHOP SFC-045,202503201900-KMSC-UBUS01-PIREP,4500.0,42.75757,-73.80361,2025-03-20 19:00:00,2.0,M,"('KENX', 'KCXX', 'KOKX', 'KTYX', 'KBGM')","['s3://noaa-nexrad-level2/2025/03/20/KENX/KENX20250320_185432_V06', 's3://noaa-nexrad-level2/2025/03/20/KCXX/KCXX20250320_185630_V06', 's3://noaa-nexrad-level2/2025/03/20/KOKX/KOKX20250320_185249_V06', 's3://noaa-nexrad-level2/2025/03/20/KTYX/KTYX20250320_185819_V06', 's3://noaa-nexrad-level2/2025/03/20/KBGM/KBGM20250320_185838_V06']"
94865,F,C68A,DEN UA /OV DEN320065/TM 1900/FL150/TP C68A/TB MOD TURB 120-150,MOD TURB 120-150,202503201900-KMSC-UBUS01-PIREP,15000.0,40.662748700512665,-105.56438145846109,2025-03-20 19:00:00,3.0,U,"('KCYS', 'KFTG', 'KPUX', 'KGJX', 'KRIW')","['s3://noaa-nexrad-level2/2025/03/20/KCYS/KCYS20250320_185949_V06', 's3://noaa-nexrad-level2/2025/03/20/KFTG/KFTG20250320_185818_V06', 's3://noaa-nexrad-level2/2025/03/20/KPUX/KPUX20250320_185917_V06', 's3://noaa-nexrad-level2/2025/03/20/KGJX/KGJX20250320_185722_V06', 's3://noaa-nexrad-level2/2025/03/20/KRIW/KRIW20250320_185916_V06']"
94866,F,A319,RDM UA /OV SFO-RDM/TM 1900/FL100/TP A319/TB LGT 100-080/IC NEG/RM DURGD RWY23,LGT 100-080,202503201900-KMSC-UBUS01-PIREP,10000.0,40.93643,-121.762445,2025-03-20 19:00:00,1.0,M,"('KBBX', 'KMAX', 'KDAX', 'KBHX', 'KRGX')","['s3://noaa-nexrad-level2/2025/03/20/KBBX/KBBX20250320_185835_V06', 's3://noaa-nexrad-level2/2025/03/20/KMAX/KMAX20250320_185357_V06', 's3://noaa-nexrad-level2/2025/03/20/KDAX/KDAX20250320_185408_V06', 's3://noaa-nexrad-level2/2025/03/20/KBHX/KBHX20250320_185900_V06', 's3://noaa-nexrad-level2/2025/03/20/KRGX/KRGX20250320_170643_V06']"
94867,F,E145,RIC UA /OV MOL345030/TM 1900/FL190/TP E145/TB MOD,MOD,202503201900-KMSC-UBUS01-PIREP,19000.0,38.383002033179615,-79.27401294516056,2025-03-20 19:00:00,3.0,M,"('KFCX', 'KLWX', 'KPBZ', 'KRLX', 'KAKQ')","['s3://noaa-nexrad-level2/2025/03/20/KFCX/KFCX20250320_185752_V06', 's3://noaa-nexrad-level2/2025/03/20/KLWX/KLWX20250320_185331_V06', 's3://noaa-nexrad-level2/2025/03/20/KPBZ/KPBZ20250320_185711_V06', 's3://noaa-nexrad-level2/2025/03/20/KRLX/KRLX20250320_185522_V06', 's3://noaa-nexrad-level2/2025/03/20/KAKQ/KAKQ20250320_185821_V06']"
94868,F,A321,GYI UA /OV URH/TM 1902/FL350/TP A321/TB MOD/RM ZFW,MOD,202503201900-KMSC-UBUS01-PIREP,35000.0,33.94,-96.39,2025-03-20 19:02:00,3.0,M,"('KFWS', 'KTLX', 'KOUN', 'KINX', 'KSRX')","['s3://noaa-nexrad-level2/2025/03/20/KFWS/KFWS20250320_190011_V06', 's3://noaa-nexrad-level2/2025/03/20/KTLX/KTLX20250320_190050_V06', 's3://noaa-nexrad-level2/2025/03/20/KINX/KINX20250320_185802_V06', 's3://noaa-nexrad-level2/2025/03/20/KSRX/KSRX20250320_185716_V06']"
94869,F,B752,PIE UA /OV PIE345075/TM 1902/FL180/TP B752/TB NEG,NEG,202503201900-KMSC-UBUS01-PIREP,18000.0,29.117505082949048,-83.0535577042768,2025-03-20 19:02:00,0.0,M,"('KTBW', 'KVAX', 'KTLH', 'KJAX', 'KMLB')","['s3://noaa-nexrad-level2/2025/03/20/KTBW/KTBW20250320_185935_V06', 's3://noaa-nexrad-level2/2025/03/20/KVAX/KVAX20250320_185938_V06', 's3://noaa-nexrad-level2/2025/03/20/KTLH/KTLH20250320_190107_V06', 's3://noaa-nexrad-level2/2025/03/20/KJAX/KJAX20250320_190029_V06', 's3://noaa-nexrad-level2/2025/03/20/KMLB/KMLB20250320_185626_V06']"
94870,F,C550,LVS UA /OV FTI/TM 1902/FL360/TP C550/TB LT MOD CHOP/RM ZAB/FDCS,LT MOD CHOP,202503210200-KMSC-UBUS01-PIREP,36000.0,35.66,-105.14,2025-03-20 19:02:00,3.0,L,"('KABX', 'KFDX', 'KHDX', 'KPUX', 'KAMA')","['s3://noaa-nexrad-level2/2025/03/20/KABX/KABX20250320_185835_V06', 's3://noaa-nexrad-level2/2025/03/20/KFDX/KFDX20250320_185817_V06', 's3://noaa-nexrad-level2/2025/03/20/KHDX/KHDX20250320_185747_V06', 's3://noaa-nexrad-level2/2025/03/20/KPUX/KPUX20250320_185917_V06', 's3://noaa-nexrad-level2/2025/03/20/KAMA/KAMA20250320_185619_V06']"
94871,F,B738,DHT UA /OV DHT330025/TM 1903/FL370/TP B738/TB CONS LGT CHOP/RM ZAB/FDCS,CONS LGT CHOP,202503201900-KMSC-UBUS01-PIREP,37000.0,36.38346314663012,-102.80488883370572,2025-03-20 19:03:00,1.0,M,"('KAMA', 'KFDX', 'KPUX', 'KLBB', 'KDDC')","['s3://noaa-nexrad-level2/2025/03/20/KAMA/KAMA20250320_185619_V06', 's3://noaa-nexrad-level2/2025/03/20/KFDX/KFDX20250320_185817_V06', 's3://noaa-nexrad-level2/2025/03/20/KPUX/KPUX20250320_185917_V06', 's3://noaa-nexrad-level2/2025/03/20/KLBB/KLBB20250320_185929_V06', 's3://noaa-nexrad-level2/2025/03/20/KDDC/KDDC20250320_190237_V06']"
94872,F,SR22,HUF UA /OV BMG/TM 1903/FL110/TP SR22/SK OTP/WX VMC/TA M09/TB NEG,NEG,202503201900-KMSC-UBUS01-PIREP,11000.0,39.1460278,-86.6166944,2025-03-20 19:03:00,0.0,L,"('KIND', 'KLVX', 'KVWX', 'KIWX', 'KHPX')","['s3://noaa-nexrad-level2/2025/03/20/KIND/KIND20250320_190129_V06', 's3://noaa-nexrad-level2/2025/03/20/KLVX/KLVX20250320_185658_V06', 's3://noaa-nexrad-level2/2025/03/20/KVWX/KVWX20250320_190023_V06', 's3://noaa-nexrad-level2/2025/03/20/KIWX/KIWX20250320_185807_V06', 's3://noaa-nexrad-level2/2025/03/20/KHPX/KHPX20250320_185728_V06']"
94873,F,B739,CHA UA /OV GQO100030/TM 1903/FL230/TP B739/TB CONS LGT/RM ZTLFD37,CONS LGT,202503201900-KMSC-UBUS01-PIREP,23000.0,34.87316887840831,-84.54913075057674,2025-03-20 19:03:00,1.0,M,"('KFFC', 'KHTX', 'KMRX', 'KGSP', 'KOHX')","['s3://noaa-nexrad-level2/2025/03/20/KFFC/KFFC20250320_185815_V06', 's3://noaa-nexrad-level2/2025/03/20/KHTX/KHTX20250320_185958_V06', 's3://noaa-nexrad-level2/2025/03/20/KMRX/KMRX20250320_190159_V06', 's3://noaa-nexrad-level2/2025/03/20/KGSP/KGSP20250320_190129_V06', 's3://noaa-nexrad-level2/2025/03/20/KOHX/KOHX20250320_185726_V06']"
94874,F,F340,UUA /OV 60N043W /TM 1903 /FL340 /TP F340 /TB SEV /RM SEV MTN WAVE,SEV,202503201929-CYQX-UACN01-PIREP,34000.0,60.0,-43.0,2025-03-20 19:03:00,5.0,M,"('LPLA', 'KCBW', 'KGYX', 'KBOX', 'KCXX')","['s3://noaa-nexrad-level2/2025/03/20/KCBW/KCBW20250320_185627_V06', 's3://noaa-nexrad-level2/2025/03/20/KGYX/KGYX20250320_185845_V06', 's3://noaa-nexrad-level2/2025/03/20/KBOX/KBOX20250320_185800_V06', 's3://noaa-nexrad-level2/2025/03/20/KCXX/KCXX20250320_185630_V06']"
94875,F,B738,AMA UA /OV DHT330025/TM 1903/FL370/TP B738/TB CONS LGT CHOP/RM ZAB/FDCS,CONS LGT CHOP,202503202300-KMSC-UBUS01-PIREP,37000.0,36.38346314663012,-102.80488883370572,2025-03-20 19:03:00,1.0,M,"('KAMA', 'KFDX', 'KPUX', 'KLBB', 'KDDC')","['s3://noaa-nexrad-level2/2025/03/20/KAMA/KAMA20250320_185619_V06', 's3://noaa-nexrad-level2/2025/03/20/KFDX/KFDX20250320_185817_V06', 's3://noaa-nexrad-level2/2025/03/20/KPUX/KPUX20250320_185917_V06', 's3://noaa-nexrad-level2/2025/03/20/KLBB/KLBB20250320_185929_V06', 's3://noaa-nexrad-level2/2025/03/20/KDDC/KDDC20250320_190237_V06']"
94876,F,HDJT,MLU UA /OV MLU270005/TM 1904/FL065/TP HDJT/TB LGT BLO 065,LGT BLO 065,202503201900-KMSC-UBUS01-PIREP,6500.0,32.51086,-92.13651735941036,2025-03-20 19:04:00,1.0,U,"('KPOE', 'KSHV', 'KDGX', 'KLZK', 'KLCH')","['s3://noaa-nexrad-level2/2025/03/20/KPOE/KPOE20250320_190154_V06', 's3://noaa-nexrad-level2/2025/03/20/KSHV/KSHV20250320_190107_V06', 's3://noaa-nexrad-level2/2025/03/20/KDGX/KDGX20250320_190344_V06', 's3://noaa-nexrad-level2/2025/03/20/KLZK/KLZK20250320_190139_V06', 's3://noaa-nexrad-level2/2025/03/20/KLCH/KLCH20250320_190355_V06']"
94877,F,A321,CDS UA /OV CDS265055/TM 1904/FL360/TP A321/TB MOD CHOP/RM ZAB/FDCS,MOD CHOP,202503210200-KMSC-UBUS01-PIREP,36000.0,34.35399076449428,-101.39532902718776,2025-03-20 19:04:00,3.0,M,"('KLBB', 'KAMA', 'KFDX', 'KFDR', 'KMAF')","['s3://noaa-nexrad-level2/2025/03/20/KLBB/KLBB20250320_185929_V06', 's3://noaa-nexrad-level2/2025/03/20/KAMA/KAMA20250320_190306_V06', 's3://noaa-nexrad-level2/2025/03/20/KFDX/KFDX20250320_185817_V06', 's3://noaa-nexrad-level2/2025/03/20/KFDR/KFDR20250320_190217_V06', 's3://noaa-nexrad-level2/2025/03/20/KMAF/KMAF20250320_190348_V06']"
94878,F,A321,MLC UA /OV MLC180035/TM 1905/FL350/TP A321/TB MOD 350/RM ZFW,MOD 350,202503201900-KMSC-UBUS01-PIREP,35000.0,34.298839416619415,-95.78306,2025-03-20 19:05:00,3.0,M,"('KSRX', 'KTLX', 'KINX', 'KOUN', 'KFWS')","['s3://noaa-nexrad-level2/2025/03/20/KSRX/KSRX20250320_185716_V06', 's3://noaa-nexrad-level2/2025/03/20/KTLX/KTLX20250320_190050_V06', 's3://noaa-nexrad-level2/2025/03/20/KINX/KINX20250320_185802_V06', 's3://noaa-nexrad-level2/2025/03/20/KFWS/KFWS20250320_190011_V06']"
94879,T,CUB,BJC UUA /OV BDU001001/TM 1906/FL065/TP CUB/TB SEV,SEV,202503201900-KMSC-UBUS01-PIREP,6500.0,40.056095178048345,-105.22544174143692,2025-03-20 19:06:00,5.0,U,"('KFTG', 'KCYS', 'KPUX', 'KGJX', 'KGLD')","['s3://noaa-nexrad-level2/2025/03/20/KFTG/KFTG20250320_185818_V06', 's3://noaa-nexrad-level2/2025/03/20/KCYS/KCYS20250320_185949_V06', 's3://noaa-nexrad-level2/2025/03/20/KPUX/KPUX20250320_185917_V06', 's3://noaa-nexrad-level2/2025/03/20/KGJX/KGJX20250320_190257_V06', 's3://noaa-nexrad-level2/2025/03/20/KGLD/KGLD20250320_185812_V06']"
94880,F,SR22,IKK UA /OV IKK/TM 1906/FL040/TP SR22/TA M06/TB NEG/IC NEG,NEG,202503201900-KMSC-UBUS01-PIREP,4000.0,41.07139,-87.84628,2025-03-20 19:06:00,0.0,L,"('KLOT', 'KILX', 'KMKX', 'KIND', 'KIWX')","['s3://noaa-nexrad-level2/2025/03/20/KLOT/KLOT20250320_190429_V06', 's3://noaa-nexrad-level2/2025/03/20/KILX/KILX20250320_185714_V06', 's3://noaa-nexrad-level2/2025/03/20/KMKX/KMKX20250320_190117_V06', 's3://noaa-nexrad-level2/2025/03/20/KIND/KIND20250320_190129_V06', 's3://noaa-nexrad-level2/2025/03/20/KIWX/KIWX20250320_185807_V06']"
94881,F,B39M,UUA /OV 60N034W /TM 1908 /FL340 /TP B39M /TB SEV /RM SEV MNT WAVEF340,SEV,202503201911-CYQX-UACN01-PIREP,34000.0,60.0,-34.0,2025-03-20 19:08:00,5.0,U,"('LPLA', 'KCBW', 'KGYX', 'KBOX', 'KCXX')","['s3://noaa-nexrad-level2/2025/03/20/KCBW/KCBW20250320_190319_V06', 's3://noaa-nexrad-level2/2025/03/20/KGYX/KGYX20250320_190534_V06', 's3://noaa-nexrad-level2/2025/03/20/KBOX/KBOX20250320_190457_V06', 's3://noaa-nexrad-level2/2025/03/20/KCXX/KCXX20250320_190311_V06']"
94882,F,B739,TYS UA /OV HCH150020/TM 1908/FL300/TP B739/TB CONS LGT CHOP/RM ZTLFD37,CONS LGT CHOP,202503201900-KMSC-UBUS01-PIREP,30000.0,35.4913014826959,-84.77454363386272,2025-03-20 19:08:00,1.0,M,"('KHTX', 'KMRX', 'KOHX', 'KFFC', 'KJKL')","['s3://noaa-nexrad-level2/2025/03/20/KHTX/KHTX20250320_190435_V06', 's3://noaa-nexrad-level2/2025/03/20/KMRX/KMRX20250320_190159_V06', 's3://noaa-nexrad-level2/2025/03/20/KOHX/KOHX20250320_190605_V06', 's3://noaa-nexrad-level2/2025/03/20/KFFC/KFFC20250320_190517_V06', 's3://noaa-nexrad-level2/2025/03/20/KJKL/KJKL20250320_190120_V06']"
94883,F,G150,GSO UA /OV GSO360002/TM 1909/FL038/TP G150/TB LGT,LGT,202503201900-KMSC-UBUS01-PIREP,3800.0,36.13083603333603,-79.94361,2025-03-20 19:09:00,1.0,U,"('KFCX', 'KRAX', 'KCAE', 'KGSP', 'KLTX')","['s3://noaa-nexrad-level2/2025/03/20/KFCX/KFCX20250320_190730_V06', 's3://noaa-nexrad-level2/2025/03/20/KRAX/KRAX20250320_190301_V06', 's3://noaa-nexrad-level2/2025/03/20/KCAE/KCAE20250320_190414_V06', 's3://noaa-nexrad-level2/2025/03/20/KGSP/KGSP20250320_190707_V06', 's3://noaa-nexrad-level2/2025/03/20/KLTX/KLTX20250320_190502_V06']"
94884,F,C68A,GEG UA /OV COE/TM 1910/FL100/TP C68A/TB MOD,MOD,202503201900-KMSC-UBUS01-PIREP,10000.0,47.77431,-116.81958,2025-03-20 19:10:00,3.0,U,"('KOTX', 'KPDT', 'KMSX', 'KCBX', 'KTFX')","['s3://noaa-nexrad-level2/2025/03/20/KOTX/KOTX20250320_190717_V06', 's3://noaa-nexrad-level2/2025/03/20/KPDT/KPDT20250320_190639_V06', 's3://noaa-nexrad-level2/2025/03/20/KMSX/KMSX20250320_190423_V06', 's3://noaa-nexrad-level2/2025/03/20/KCBX/KCBX20250320_190915_V06', 's3://noaa-nexrad-level2/2025/03/20/KTFX/KTFX20250320_190909_V06']"
94885,F,A320,CLT UA /OV CLT/TM 1911/FL170/TP A320/TB CONS LGT CHOP/RM ZTLFD29,CONS LGT CHOP,202503201900-KMSC-UBUS01-PIREP,17000.0,35.22255,-80.95431,2025-03-20 19:11:00,1.0,M,"('KCAE', 'KGSP', 'KFCX', 'KRAX', 'KCLX')","['s3://noaa-nexrad-level2/2025/03/20/KCAE/KCAE20250320_190923_V06', 's3://noaa-nexrad-level2/2025/03/20/KGSP/KGSP20250320_190707_V06', 's3://noaa-nexrad-level2/2025/03/20/KFCX/KFCX20250320_190730_V06', 's3://noaa-nexrad-level2/2025/03/20/KRAX/KRAX20250320_190914_V06', 's3://noaa-nexrad-level2/2025/03/20/KCLX/KCLX20250320_190759_V06']"
94886,F,B739,GRB UA /OV GRB/TM 1914/FL330/TP B739/TB CONS LGT,CONS LGT,202503201900-KMSC-UBUS01-PIREP,33000.0,44.4794,-88.1367,2025-03-20 19:14:00,1.0,M,"('KGRB', 'KMKX', 'KMQT', 'KLOT', 'KGRR')","['s3://noaa-nexrad-level2/2025/03/20/KGRB/KGRB20250320_191155_V06', 's3://noaa-nexrad-level2/2025/03/20/KMKX/KMKX20250320_190807_V06', 's3://noaa-nexrad-level2/2025/03/20/KMQT/KMQT20250320_191128_V06', 's3://noaa-nexrad-level2/2025/03/20/KLOT/KLOT20250320_191233_V06', 's3://noaa-nexrad-level2/2025/03/20/KGRR/KGRR20250320_191243_V06']"
94887,F,M600,GJT UA /OV JNC210030/TM 1915/FL260/TP M600/TB LGT/RM ZDVWC-11,LGT,202503201900-KMSC-UBUS01-PIREP,26000.0,38.626952224043855,-109.1119891729414,2025-03-20 19:15:00,1.0,U,"('KGJX', 'KICX', 'KABX', 'KMTX', 'KRIW')","['s3://noaa-nexrad-level2/2025/03/20/KGJX/KGJX20250320_191408_V06', 's3://noaa-nexrad-level2/2025/03/20/KICX/KICX20250320_191339_V06', 's3://noaa-nexrad-level2/2025/03/20/KABX/KABX20250320_191240_V06', 's3://noaa-nexrad-level2/2025/03/20/KMTX/KMTX20250320_191337_V06', 's3://noaa-nexrad-level2/2025/03/20/KRIW/KRIW20250320_190757_V06']"
94888,F,A320,MBPV UA /OV PVN140130/TM 1915/FL300/TP A320/TB MOD,MOD,202503201900-KMSC-UBUS01-PIREP,30000.0,20.11010259897468,-70.76021635438195,2025-03-20 19:15:00,3.0,M,"('KAMX', 'KAMX', 'KBYX', 'KMLB', 'KTBW')","['s3://noaa-nexrad-level2/2025/03/20/KAMX/KAMX20250320_190831_V06', 's3://noaa-nexrad-level2/2025/03/20/KAMX/KAMX20250320_190831_V06', 's3://noaa-nexrad-level2/2025/03/20/KBYX/KBYX20250320_191209_V06', 's3://noaa-nexrad-level2/2025/03/20/KMLB/KMLB20250320_191033_V06', 's3://noaa-nexrad-level2/2025/03/20/KTBW/KTBW20250320_191334_V06']"
94889,F,A320,MFD UA /OV MFD090005/TM 1915/FL260/TP A320/TB LGT-MOD 260-280/RM ZOB,LGT-MOD 260-280,202503201900-KMSC-UBUS01-PIREP,26000.0,40.82,-82.40987351212355,2025-03-20 19:15:00,2.0,M,"('KCLE', 'KILN', 'KDTX', 'KPBZ', 'KRLX')","['s3://noaa-nexrad-level2/2025/03/20/KCLE/KCLE20250320_191453_V06', 's3://noaa-nexrad-level2/2025/03/20/KILN/KILN20250320_191248_V06', 's3://noaa-nexrad-level2/2025/03/20/KDTX/KDTX20250320_190901_V06', 's3://noaa-nexrad-level2/2025/03/20/KPBZ/KPBZ20250320_191037_V06', 's3://noaa-nexrad-level2/2025/03/20/KRLX/KRLX20250320_190905_V06']"
94890,T,C182,BJC UUA /OV BJC300005/TM 1916/FL070/TP C182/TB SEV,SEV,202503201900-KMSC-UBUS01-PIREP,7000.0,39.95048004167005,-105.21128174859292,2025-03-20 19:16:00,5.0,L,"('KFTG', 'KCYS', 'KPUX', 'KGJX', 'KGLD')","['s3://noaa-nexrad-level2/2025/03/20/KFTG/KFTG20250320_191542_V06', 's3://noaa-nexrad-level2/2025/03/20/KCYS/KCYS20250320_190932_V06', 's3://noaa-nexrad-level2/2025/03/20/KPUX/KPUX20250320_191328_V06', 's3://noaa-nexrad-level2/2025/03/20/KGJX/KGJX20250320_191408_V06', 's3://noaa-nexrad-level2/2025/03/20/KGLD/KGLD20250320_190750_V06']"
94891,F,LJ45,TPA UA /OV PIE322026/TM 1916/FL080/TP LJ45/TB MOD,MOD,202503201900-KMSC-UBUS01-PIREP,8000.0,28.251498985768023,-82.98934723293353,2025-03-20 19:16:00,3.0,M,"('KTBW', 'KMLB', 'KTLH', 'KJAX', 'KVAX')","['s3://noaa-nexrad-level2/2025/03/20/KTBW/KTBW20250320_191334_V06', 's3://noaa-nexrad-level2/2025/03/20/KMLB/KMLB20250320_191033_V06', 's3://noaa-nexrad-level2/2025/03/20/KTLH/KTLH20250320_191426_V06', 's3://noaa-nexrad-level2/2025/03/20/KJAX/KJAX20250320_191539_V06', 's3://noaa-nexrad-level2/2025/03/20/KVAX/KVAX20250320_191439_V06']"
94892,F,B737,FST UA /OV FST045025/TM 1916/FL400/TP B737/TB MOD CHOP/RM ZAB/FDCS,MOD CHOP,202503210200-KMSC-UBUS01-PIREP,40000.0,31.206591690372125,-102.5732362475937,2025-03-20 19:16:00,3.0,M,"('KMAF', 'KSJT', 'KLBB', 'KDFX', 'KDYX')","['s3://noaa-nexrad-level2/2025/03/20/KMAF/KMAF20250320_191040_V06', 's3://noaa-nexrad-level2/2025/03/20/KSJT/KSJT20250320_191047_V06', 's3://noaa-nexrad-level2/2025/03/20/KLBB/KLBB20250320_191324_V06', 's3://noaa-nexrad-level2/2025/03/20/KDFX/KDFX20250320_191449_V06', 's3://noaa-nexrad-level2/2025/03/20/KDYX/KDYX20250320_191308_V06']"
94893,T,C172,BJC UUA /OV BJC FA 12L/TM 1917/FL065/TP C172/TB SEV,SEV,202503201900-KMSC-UBUS01-PIREP,6500.0,39.90881,-105.11719,2025-03-20 19:17:00,5.0,L,"('KFTG', 'KCYS', 'KPUX', 'KGJX', 'KGLD')","['s3://noaa-nexrad-level2/2025/03/20/KFTG/KFTG20250320_191542_V06', 's3://noaa-nexrad-level2/2025/03/20/KCYS/KCYS20250320_190932_V06', 's3://noaa-nexrad-level2/2025/03/20/KPUX/KPUX20250320_191328_V06', 's3://noaa-nexrad-level2/2025/03/20/KGJX/KGJX20250320_191408_V06', 's3://noaa-nexrad-level2/2025/03/20/KGLD/KGLD20250320_190750_V06']"
94894,T,C172,BJC UUA /OV BJC360002/TM 1917/FL070/TP C172/TB SEV,SEV,202503201900-KMSC-UBUS01-PIREP,7000.0,39.94214603333604,-105.11719,2025-03-20 19:17:00,5.0,L,"('KFTG', 'KCYS', 'KPUX', 'KGJX', 'KGLD')","['s3://noaa-nexrad-level2/2025/03/20/KFTG/KFTG20250320_191542_V06', 's3://noaa-nexrad-level2/2025/03/20/KCYS/KCYS20250320_190932_V06', 's3://noaa-nexrad-level2/2025/03/20/KPUX/KPUX20250320_191328_V06', 's3://noaa-nexrad-level2/2025/03/20/KGJX/KGJX20250320_191408_V06', 's3://noaa-nexrad-level2/2025/03/20/KGLD/KGLD20250320_190750_V06']"
94895,T,C172,DEN UUA /OV BJC110005/TM 1918/FL075/TP C172/TB SEV,SEV,202503201900-KMSC-UBUS01-PIREP,7500.0,39.880306012751255,-105.0150944708813,2025-03-20 19:18:00,5.0,L,"('KFTG', 'KCYS', 'KPUX', 'KGJX', 'KGLD')","['s3://noaa-nexrad-level2/2025/03/20/KFTG/KFTG20250320_191542_V06', 's3://noaa-nexrad-level2/2025/03/20/KCYS/KCYS20250320_190932_V06', 's3://noaa-nexrad-level2/2025/03/20/KPUX/KPUX20250320_191328_V06', 's3://noaa-nexrad-level2/2025/03/20/KGJX/KGJX20250320_191408_V06', 's3://noaa-nexrad-level2/2025/03/20/KGLD/KGLD20250320_191728_V06']"
94896,F,B350,UNI UA /OV UNI/TM 1918/FL260/TP B350/TB OCNL LGT CHOP  GOOD RIDE,OCNL LGT CHOP  GOOD RIDE,202503202000-KMSC-UBUS01-PIREP,26000.0,39.2118914,-82.2292537,2025-03-20 19:18:00,1.0,M,"('KRLX', 'KILN', 'KJKL', 'KCLE', 'KPBZ')","['s3://noaa-nexrad-level2/2025/03/20/KRLX/KRLX20250320_191558_V06', 's3://noaa-nexrad-level2/2025/03/20/KILN/KILN20250320_191248_V06', 's3://noaa-nexrad-level2/2025/03/20/KJKL/KJKL20250320_191523_V06', 's3://noaa-nexrad-level2/2025/03/20/KCLE/KCLE20250320_191453_V06', 's3://noaa-nexrad-level2/2025/03/20/KPBZ/KPBZ20250320_191512_V06']"
94897,T,C172,DEN UUA /OV GXY/TM 1919/FL075/TP C172/TB SEV,SEV,202503201900-KMSC-UBUS01-PIREP,7500.0,40.43742,-104.63322,2025-03-20 19:19:00,5.0,L,"('KFTG', 'KCYS', 'KPUX', 'KGLD', 'KGJX')","['s3://noaa-nexrad-level2/2025/03/20/KFTG/KFTG20250320_191542_V06', 's3://noaa-nexrad-level2/2025/03/20/KCYS/KCYS20250320_190932_V06', 's3://noaa-nexrad-level2/2025/03/20/KPUX/KPUX20250320_191328_V06', 's3://noaa-nexrad-level2/2025/03/20/KGLD/KGLD20250320_191728_V06', 's3://noaa-nexrad-level2/2025/03/20/KGJX/KGJX20250320_191408_V06']"
94898,F,C172,JAX UA /OV JAX/TM 1919/FL050/TP C172/SK BKN064/TB MOD,MOD,202503201900-KMSC-UBUS01-PIREP,5000.0,30.49406,-81.68786,2025-03-20 19:19:00,3.0,L,"('KJAX', 'KVAX', 'KCLX', 'KMLB', 'KTLH')","['s3://noaa-nexrad-level2/2025/03/20/KJAX/KJAX20250320_191539_V06', 's3://noaa-nexrad-level2/2025/03/20/KVAX/KVAX20250320_191439_V06', 's3://noaa-nexrad-level2/2025/03/20/KCLX/KCLX20250320_191851_V06', 's3://noaa-nexrad-level2/2025/03/20/KMLB/KMLB20250320_191736_V06', 's3://noaa-nexrad-level2/2025/03/20/KTLH/KTLH20250320_191426_V06']"
94899,F,A321,CLT UA /OV CLT/TM 1919/FL120/TP A321/TB MOD 120-060,MOD 120-060,202503201900-KMSC-UBUS01-PIREP,12000.0,35.22255,-80.95431,2025-03-20 19:19:00,3.0,M,"('KCAE', 'KGSP', 'KFCX', 'KRAX', 'KCLX')","['s3://noaa-nexrad-level2/2025/03/20/KCAE/KCAE20250320_191429_V06', 's3://noaa-nexrad-level2/2025/03/20/KGSP/KGSP20250320_191755_V06', 's3://noaa-nexrad-level2/2025/03/20/KFCX/KFCX20250320_191254_V06', 's3://noaa-nexrad-level2/2025/03/20/KRAX/KRAX20250320_191528_V06', 's3://noaa-nexrad-level2/2025/03/20/KCLX/KCLX20250320_191851_V06']"
94900,F,MU2,INL UA /OV INL360010/TM 1920/FL040/TP MU2/SK BKN080/TB NEG BLO 240/IC NEG BLO 240/RM DURD CYAG,NEG BLO 240,202503201900-KMSC-UBUS01-PIREP,4000.0,48.72614789668017,-93.3955519,2025-03-20 19:20:00,0.0,L,"('KDLH', 'KMPX', 'KMVX', 'KARX', 'KABR')","['s3://noaa-nexrad-level2/2025/03/20/KDLH/KDLH20250320_191206_V06', 's3://noaa-nexrad-level2/2025/03/20/KMPX/KMPX20250320_191635_V06', 's3://noaa-nexrad-level2/2025/03/20/KMVX/KMVX20250320_191850_V06', 's3://noaa-nexrad-level2/2025/03/20/KARX/KARX20250320_191638_V06', 's3://noaa-nexrad-level2/2025/03/20/KABR/KABR20250320_191923_V06']"
94901,F,LJ75,ASE UA /OV HAREI/TM 1920/FL170/TP LJ75/TB OCNL MOD,OCNL MOD,202503201900-KMSC-UBUS01-PIREP,17000.0,40.23,-77.02,2025-03-20 19:20:00,3.0,U,"('KCCX', 'KLWX', 'KDOX', 'KBGM', 'KDIX')","['s3://noaa-nexrad-level2/2025/03/20/KCCX/KCCX20250320_191648_V06', 's3://noaa-nexrad-level2/2025/03/20/KLWX/KLWX20250320_191700_V06', 's3://noaa-nexrad-level2/2025/03/20/KDOX/KDOX20250320_191626_V06', 's3://noaa-nexrad-level2/2025/03/20/KBGM/KBGM20250320_191618_V06', 's3://noaa-nexrad-level2/2025/03/20/KDIX/KDIX20250320_191829_V06']"
94902,F,B738,DEN UA /OV DEN220020/TM 1920/FL170/TP B738/TB MOD 130-170,MOD 130-170,202503201900-KMSC-UBUS01-PIREP,17000.0,39.57743116907302,-104.93654044875726,2025-03-20 19:20:00,3.0,M,"('KFTG', 'KPUX', 'KCYS', 'KGLD', 'KGJX')","['s3://noaa-nexrad-level2/2025/03/20/KFTG/KFTG20250320_191542_V06', 's3://noaa-nexrad-level2/2025/03/20/KPUX/KPUX20250320_191328_V06', 's3://noaa-nexrad-level2/2025/03/20/KCYS/KCYS20250320_191915_V06', 's3://noaa-nexrad-level2/2025/03/20/KGLD/KGLD20250320_191728_V06', 's3://noaa-nexrad-level2/2025/03/20/KGJX/KGJX20250320_191942_V06']"
94903,F,E545,ANC UA /OV TED090080/TM 1920/FL310/TP E545/TB LGT-MOD CHOP 310-330/RM DURC  ZAN,LGT-MOD CHOP 310-330,202503201900-KMSC-UBUS01-PIREP,31000.0,61.17,-147.2247429894849,2025-03-20 19:20:00,2.0,U,"('PAIH', 'PAIH', 'PAPD', 'PAHG', 'PAKC')","['s3://noaa-nexrad-level2/2025/03/20/PAIH/PAIH20250320_164357_V06', 's3://noaa-nexrad-level2/2025/03/20/PAIH/PAIH20250320_164357_V06', 's3://noaa-nexrad-level2/2025/03/20/PAPD/PAPD20250320_191741_V06', 's3://noaa-nexrad-level2/2025/03/20/PAHG/PAHG20250320_191737_V06', 's3://noaa-nexrad-level2/2025/03/20/PAKC/PAKC20250320_191401_V06']"
94904,F,B737,OKC UA /OV IRW135035/TM 1921/FL380/TP B737/TB LGT 380/RM ZFW,LGT 380,202503201900-KMSC-UBUS01-PIREP,38000.0,34.94748763347903,-97.10418004363852,2025-03-20 19:21:00,1.0,M,"('KTLX', 'KOUN', 'KFDR', 'KINX', 'KVNX')","['s3://noaa-nexrad-level2/2025/03/20/KTLX/KTLX20250320_191428_V06', 's3://noaa-nexrad-level2/2025/03/20/KFDR/KFDR20250320_191602_V06', 's3://noaa-nexrad-level2/2025/03/20/KINX/KINX20250320_191509_V06', 's3://noaa-nexrad-level2/2025/03/20/KVNX/KVNX20250320_191459_V06']"
94905,F,A321,SRQ UA /OV SRQ285185/TM 1921/FL360/TP A321/SK SKC/TB NEG/IC NEG,NEG,202503201900-KMSC-UBUS01-PIREP,36000.0,28.199480029187256,-85.91353045377092,2025-03-20 19:21:00,0.0,M,"('KEVX', 'KTLH', 'KEOX', 'KMOB', 'KTBW')","['s3://noaa-nexrad-level2/2025/03/20/KEVX/KEVX20250320_191517_V06', 's3://noaa-nexrad-level2/2025/03/20/KTLH/KTLH20250320_191426_V06', 's3://noaa-nexrad-level2/2025/03/20/KEOX/KEOX20250320_143812_V06', 's3://noaa-nexrad-level2/2025/03/20/KMOB/KMOB20250320_191648_V06', 's3://noaa-nexrad-level2/2025/03/20/KTBW/KTBW20250320_191814_V06']"
94906,F,B733,BWI UA /OV BAL 290020/TM 1922/FL150/TP B733/TB MOD CHOP 100-130/RM TERPZ SID,MOD CHOP 100-130,202503201900-KMSC-UBUS01-PIREP,15000.0,39.284015948995,-77.0640580686366,2025-03-20 19:22:00,3.0,M,"('KLWX', 'KDOX', 'KCCX', 'KAKQ', 'KDIX')","['s3://noaa-nexrad-level2/2025/03/20/KLWX/KLWX20250320_192136_V06', 's3://noaa-nexrad-level2/2025/03/20/KDOX/KDOX20250320_191626_V06', 's3://noaa-nexrad-level2/2025/03/20/KCCX/KCCX20250320_191648_V06', 's3://noaa-nexrad-level2/2025/03/20/KAKQ/KAKQ20250320_192042_V06', 's3://noaa-nexrad-level2/2025/03/20/KDIX/KDIX20250320_191829_V06']"
94907,F,A321,ABQ UA /OV ABQ334060/TM 1922/FL330/TP A321/TB LGT CAT /RM ZAB/FDCS,LGT CAT,202503210200-KMSC-UBUS01-PIREP,33000.0,35.94076684868972,-107.150970038084,2025-03-20 19:22:00,1.0,M,"('KABX', 'KHDX', 'KGJX', 'KFDX', 'KPUX')","['s3://noaa-nexrad-level2/2025/03/20/KABX/KABX20250320_191723_V06', 's3://noaa-nexrad-level2/2025/03/20/KHDX/KHDX20250320_191838_V06', 's3://noaa-nexrad-level2/2025/03/20/KGJX/KGJX20250320_191942_V06', 's3://noaa-nexrad-level2/2025/03/20/KFDX/KFDX20250320_191845_V06', 's3://noaa-nexrad-level2/2025/03/20/KPUX/KPUX20250320_192034_V06']"
94908,F,E75L,MSO UA /OV MSO120010/TM 1923/FL090/TP E75L/TB MOD CHOP,MOD CHOP,202503201900-KMSC-UBUS01-PIREP,9000.0,46.83745991665992,-113.8811567662666,2025-03-20 19:23:00,3.0,U,"('KMSX', 'KTFX', 'KOTX', 'KSFX', 'KCBX')","['s3://noaa-nexrad-level2/2025/03/20/KMSX/KMSX20250320_192211_V06', 's3://noaa-nexrad-level2/2025/03/20/KTFX/KTFX20250320_192023_V06', 's3://noaa-nexrad-level2/2025/03/20/KOTX/KOTX20250320_192122_V06', 's3://noaa-nexrad-level2/2025/03/20/KSFX/KSFX20250320_192252_V06', 's3://noaa-nexrad-level2/2025/03/20/KCBX/KCBX20250320_191623_V06']"
94909,F,B739,ATL UA /OV ATL355030/TM 1923/FL070/TP B739/TB NEG/IC TRACE-LGT MX/RM DURC 070 120 NEG ICE AND VMC ZTLFD38,NEG,202503201900-KMSC-UBUS01-PIREP,7000.0,34.12823769497149,-84.49414183250312,2025-03-20 19:23:00,0.0,M,"('KFFC', 'KHTX', 'KJGX', 'KMXX', 'KMRX')","['s3://noaa-nexrad-level2/2025/03/20/KFFC/KFFC20250320_191855_V06', 's3://noaa-nexrad-level2/2025/03/20/KHTX/KHTX20250320_191828_V06', 's3://noaa-nexrad-level2/2025/03/20/KJGX/KJGX20250320_191711_V06', 's3://noaa-nexrad-level2/2025/03/20/KMXX/KMXX20250320_145341_V06', 's3://noaa-nexrad-level2/2025/03/20/KMRX/KMRX20250320_191605_V06']"
94910,F,B717,GRB UA /OV GRB/TM 1924/FL330/TP B717/TB LGT-MOD,LGT-MOD,202503201900-KMSC-UBUS01-PIREP,33000.0,44.4794,-88.1367,2025-03-20 19:24:00,2.0,M,"('KGRB', 'KMKX', 'KMQT', 'KLOT', 'KGRR')","['s3://noaa-nexrad-level2/2025/03/20/KGRB/KGRB20250320_191849_V06', 's3://noaa-nexrad-level2/2025/03/20/KMKX/KMKX20250320_192153_V06', 's3://noaa-nexrad-level2/2025/03/20/KMQT/KMQT20250320_191812_V06', 's3://noaa-nexrad-level2/2025/03/20/KLOT/KLOT20250320_191925_V06', 's3://noaa-nexrad-level2/2025/03/20/KGRR/KGRR20250320_192101_V06']"
94911,F,TBM9,DEN UA /OV DEN230055/TM 1925/FL170/TP TBM9/TB MOD CHOP,MOD CHOP,202503201900-KMSC-UBUS01-PIREP,17000.0,39.24353029742626,-105.57200550753528,2025-03-20 19:25:00,3.0,U,"('KFTG', 'KPUX', 'KCYS', 'KGJX', 'KGLD')","['s3://noaa-nexrad-level2/2025/03/20/KFTG/KFTG20250320_192423_V06', 's3://noaa-nexrad-level2/2025/03/20/KPUX/KPUX20250320_192034_V06', 's3://noaa-nexrad-level2/2025/03/20/KCYS/KCYS20250320_191915_V06', 's3://noaa-nexrad-level2/2025/03/20/KGJX/KGJX20250320_191942_V06', 's3://noaa-nexrad-level2/2025/03/20/KGLD/KGLD20250320_191728_V06']"
94912,F,B38M,GCK UA /OV GCK/TM 1925/FL380/TP B38M/TB CONS LGT CHOP/RM ZKC FDC,CONS LGT CHOP,202503201900-KMSC-UBUS01-PIREP,38000.0,37.92753,-100.72442,2025-03-20 19:25:00,1.0,U,"('KDDC', 'KGLD', 'KVNX', 'KAMA', 'KICT')","['s3://noaa-nexrad-level2/2025/03/20/KDDC/KDDC20250320_191939_V06', 's3://noaa-nexrad-level2/2025/03/20/KGLD/KGLD20250320_191728_V06', 's3://noaa-nexrad-level2/2025/03/20/KVNX/KVNX20250320_192143_V06', 's3://noaa-nexrad-level2/2025/03/20/KAMA/KAMA20250320_192338_V06', 's3://noaa-nexrad-level2/2025/03/20/KICT/KICT20250320_192409_V06']"
94913,F,B38M,GTF UA /OV GTF021028/TM 1925/FL280/TP B38M/TB CONS LGT/ZLC,CONS LGT,202503201900-KMSC-UBUS01-PIREP,28000.0,47.90900615507411,-111.13476164785408,2025-03-20 19:25:00,1.0,U,"('KTFX', 'KMSX', 'KBLX', 'KGGW', 'KSFX')","['s3://noaa-nexrad-level2/2025/03/20/KTFX/KTFX20250320_192023_V06', 's3://noaa-nexrad-level2/2025/03/20/KMSX/KMSX20250320_192211_V06', 's3://noaa-nexrad-level2/2025/03/20/KBLX/KBLX20250320_191916_V06', 's3://noaa-nexrad-level2/2025/03/20/KGGW/KGGW20250320_192045_V06', 's3://noaa-nexrad-level2/2025/03/20/KSFX/KSFX20250320_192252_V06']"
94914,F,E55P,DCA UA /OV CSN310012/TM 1926/FL130/TP E55P/TB MOD 080-130/RM DURD,MOD 080-130,202503201900-KMSC-UBUS01-PIREP,13000.0,38.768567935107,-78.066164759472,2025-03-20 19:26:00,3.0,U,"('KLWX', 'KAKQ', 'KCCX', 'KDOX', 'KPBZ')","['s3://noaa-nexrad-level2/2025/03/20/KLWX/KLWX20250320_192136_V06', 's3://noaa-nexrad-level2/2025/03/20/KAKQ/KAKQ20250320_192506_V06', 's3://noaa-nexrad-level2/2025/03/20/KCCX/KCCX20250320_192223_V06', 's3://noaa-nexrad-level2/2025/03/20/KDOX/KDOX20250320_192451_V06', 's3://noaa-nexrad-level2/2025/03/20/KPBZ/KPBZ20250320_192423_V06']"
94915,F,B737,MLP UA /OV MLP085050/TM 1927/FL360/TP B737/TB INT LGT CHOP OCNL MOD 360/RM /ZSE,INT LGT CHOP OCNL MOD 360,202503201900-KMSC-UBUS01-PIREP,36000.0,47.52745366864157,-114.4432691756005,2025-03-20 19:27:00,2.0,M,"('KMSX', 'KTFX', 'KOTX', 'KCBX', 'KSFX')","['s3://noaa-nexrad-level2/2025/03/20/KMSX/KMSX20250320_192211_V06', 's3://noaa-nexrad-level2/2025/03/20/KTFX/KTFX20250320_192559_V06', 's3://noaa-nexrad-level2/2025/03/20/KOTX/KOTX20250320_192604_V06', 's3://noaa-nexrad-level2/2025/03/20/KCBX/KCBX20250320_192324_V06', 's3://noaa-nexrad-level2/2025/03/20/KSFX/KSFX20250320_192252_V06']"
94916,F,B38M,ALB UA /OV ALB011002/TM 1928/FL020/TP B38M/TB LGHT OCC MOD/RM LLWS +/- 10KT DURD RY19 ALB,LGHT OCC MOD,202503201900-KMSC-UBUS01-PIREP,2000.0,42.79029355651097,-73.79494678736921,2025-03-20 19:28:00,3.0,U,"('KENX', 'KCXX', 'KTYX', 'KOKX', 'KBGM')","['s3://noaa-nexrad-level2/2025/03/20/KENX/KENX20250320_192202_V06', 's3://noaa-nexrad-level2/2025/03/20/KCXX/KCXX20250320_192325_V06', 's3://noaa-nexrad-level2/2025/03/20/KTYX/KTYX20250320_192451_V06', 's3://noaa-nexrad-level2/2025/03/20/KOKX/KOKX20250320_192705_V06', 's3://noaa-nexrad-level2/2025/03/20/KBGM/KBGM20250320_192507_V06']"
94917,F,PC12,SFF UA /OV ILS FINAL RY 22R/TM 1928/FL040/TP PC12/SK OVC054-TOP060/TB LGT/IC NEG,LGT,202503201900-KMSC-UBUS01-PIREP,4000.0,47.68282,-117.32256,2025-03-20 19:28:00,1.0,L,"('KOTX', 'KPDT', 'KMSX', 'KCBX', 'KATX')","['s3://noaa-nexrad-level2/2025/03/20/KOTX/KOTX20250320_192604_V06', 's3://noaa-nexrad-level2/2025/03/20/KPDT/KPDT20250320_192708_V06', 's3://noaa-nexrad-level2/2025/03/20/KMSX/KMSX20250320_192211_V06', 's3://noaa-nexrad-level2/2025/03/20/KCBX/KCBX20250320_192324_V06', 's3://noaa-nexrad-level2/2025/03/20/KATX/KATX20250320_192524_V06']"
94918,F,PC12,MSS UA /OV KMSS/TM 1928/FL060/TP PC12/TB CONS MOD CAT BLO 060,CONS MOD CAT BLO 060,202503201900-KMSC-UBUS01-PIREP,6000.0,44.93583,-74.84556,2025-03-20 19:28:00,3.0,L,"('KTYX', 'KCXX', 'KENX', 'KBGM', 'KBUF')","['s3://noaa-nexrad-level2/2025/03/20/KTYX/KTYX20250320_192451_V06', 's3://noaa-nexrad-level2/2025/03/20/KCXX/KCXX20250320_192325_V06', 's3://noaa-nexrad-level2/2025/03/20/KENX/KENX20250320_192202_V06', 's3://noaa-nexrad-level2/2025/03/20/KBGM/KBGM20250320_192507_V06', 's3://noaa-nexrad-level2/2025/03/20/KBUF/KBUF20250320_192354_V06']"
94919,F,E75L,IAH UA /OV 6 SE IAH/TM 1928/FL040/TP E75L/TB LGT-MOD TURB AT 040,LGT-MOD TURB AT 040,202503201900-KMSC-UBUS01-PIREP,4000.0,29.91368359431069,-95.27905655926978,2025-03-20 19:28:00,2.0,U,"('KHGX', 'KLCH', 'KGRK', 'KPOE', 'KEWX')","['s3://noaa-nexrad-level2/2025/03/20/KHGX/KHGX20250320_192217_V06', 's3://noaa-nexrad-level2/2025/03/20/KLCH/KLCH20250320_192455_V06', 's3://noaa-nexrad-level2/2025/03/20/KGRK/KGRK20250320_192256_V06', 's3://noaa-nexrad-level2/2025/03/20/KPOE/KPOE20250320_192249_V06', 's3://noaa-nexrad-level2/2025/03/20/KEWX/KEWX20250320_192616_V06']"
94920,F,GLT5,LBL UA /OV LBL080020/TM 1929/FL430/TP GLT5/TB CONS LGT/RM ZKC FDC,CONS LGT,202503201900-KMSC-UBUS01-PIREP,43000.0,37.10210741439447,-100.54854973838395,2025-03-20 19:29:00,1.0,U,"('KDDC', 'KAMA', 'KVNX', 'KGLD', 'KICT')","['s3://noaa-nexrad-level2/2025/03/20/KDDC/KDDC20250320_192820_V06', 's3://noaa-nexrad-level2/2025/03/20/KAMA/KAMA20250320_192338_V06', 's3://noaa-nexrad-level2/2025/03/20/KVNX/KVNX20250320_192832_V06', 's3://noaa-nexrad-level2/2025/03/20/KGLD/KGLD20250320_192706_V06', 's3://noaa-nexrad-level2/2025/03/20/KICT/KICT20250320_192409_V06']"
94921,F,SKC,BNA UA /OV SYI/TM 1929/FL160/TP SKC/TA M13/TB NEG/IC NEG/RM ZME,NEG,202503201900-KMSC-UBUS01-PIREP,16000.0,35.5594,-86.4425,2025-03-20 19:29:00,0.0,U,"('KOHX', 'KHTX', 'KHPX', 'KBMX', 'KLVX')","['s3://noaa-nexrad-level2/2025/03/20/KOHX/KOHX20250320_192325_V06', 's3://noaa-nexrad-level2/2025/03/20/KHTX/KHTX20250320_192743_V06', 's3://noaa-nexrad-level2/2025/03/20/KHPX/KHPX20250320_192545_V06', 's3://noaa-nexrad-level2/2025/03/20/KBMX/KBMX20250320_192411_V06', 's3://noaa-nexrad-level2/2025/03/20/KLVX/KLVX20250320_192502_V06']"
94922,F,B739,UNI UA /OV UNI/TM 1929/FL200/TP B739/TB OCNL LGT CHOP,OCNL LGT CHOP,202503202000-KMSC-UBUS01-PIREP,20000.0,39.2118914,-82.2292537,2025-03-20 19:29:00,1.0,M,"('KRLX', 'KILN', 'KJKL', 'KCLE', 'KPBZ')","['s3://noaa-nexrad-level2/2025/03/20/KRLX/KRLX20250320_192257_V06', 's3://noaa-nexrad-level2/2025/03/20/KILN/KILN20250320_192410_V06', 's3://noaa-nexrad-level2/2025/03/20/KJKL/KJKL20250320_192229_V06', 's3://noaa-nexrad-level2/2025/03/20/KCLE/KCLE20250320_192829_V06', 's3://noaa-nexrad-level2/2025/03/20/KPBZ/KPBZ20250320_192859_V06']"
94923,F,CL30,GEV UA /OV BZM030015/TM 1930/FL085/TP CL30/TB MOD /RM ZTLFD46,MOD,202503201900-KMSC-UBUS01-PIREP,8500.0,36.08652388797807,-81.08573289541872,2025-03-20 19:30:00,3.0,U,"('KFCX', 'KGSP', 'KCAE', 'KRLX', 'KMRX')","['s3://noaa-nexrad-level2/2025/03/20/KFCX/KFCX20250320_192449_V06', 's3://noaa-nexrad-level2/2025/03/20/KGSP/KGSP20250320_192823_V06', 's3://noaa-nexrad-level2/2025/03/20/KCAE/KCAE20250320_192901_V06', 's3://noaa-nexrad-level2/2025/03/20/KRLX/KRLX20250320_192948_V06', 's3://noaa-nexrad-level2/2025/03/20/KMRX/KMRX20250320_192959_V06']"
94924,F,B752,HBR UA /OV BFV300030/TM 1930/FL370/TP B752/TB CONS LGT CHOP/RM ZFW,CONS LGT CHOP,202503201900-KMSC-UBUS01-PIREP,37000.0,35.49002025002025,-99.74021349570644,2025-03-20 19:30:00,1.0,M,"('KFDR', 'KAMA', 'KVNX', 'KDDC', 'KOUN')","['s3://noaa-nexrad-level2/2025/03/20/KFDR/KFDR20250320_192949_V06', 's3://noaa-nexrad-level2/2025/03/20/KAMA/KAMA20250320_192338_V06', 's3://noaa-nexrad-level2/2025/03/20/KVNX/KVNX20250320_192832_V06', 's3://noaa-nexrad-level2/2025/03/20/KDDC/KDDC20250320_192820_V06']"
94925,F,B737,YAK UA /OV YAK/TM 1930/FL100/TP B737/TB NEG 000-100/RM DURC  ZAN,NEG 000-100,202503201900-KMSC-UBUS01-PIREP,10000.0,59.5,-139.66,2025-03-20 19:30:00,0.0,M,"('PACG', 'PAIH', 'PAIH', 'PAPD', 'PAHG')","['s3://noaa-nexrad-level2/2025/03/20/PACG/PACG20250320_192846_V06', 's3://noaa-nexrad-level2/2025/03/20/PAIH/PAIH20250320_164357_V06', 's3://noaa-nexrad-level2/2025/03/20/PAIH/PAIH20250320_164357_V06', 's3://noaa-nexrad-level2/2025/03/20/PAPD/PAPD20250320_192425_V06', 's3://noaa-nexrad-level2/2025/03/20/PAHG/PAHG20250320_192647_V06']"
94926,F,E145,FAY UA /OV FAY01010/TM 1930/FL030/TP E145/TB MOD,MOD,202503201900-KMSC-UBUS01-PIREP,3000.0,34.99122,-78.88028,2025-03-20 19:30:00,3.0,M,"('KRAX', 'KLTX', 'KMHX', 'KFCX', 'KCAE')","['s3://noaa-nexrad-level2/2025/03/20/KRAX/KRAX20250320_192756_V06', 's3://noaa-nexrad-level2/2025/03/20/KLTX/KLTX20250320_192504_V06', 's3://noaa-nexrad-level2/2025/03/20/KMHX/KMHX20250320_192806_V06', 's3://noaa-nexrad-level2/2025/03/20/KFCX/KFCX20250320_192449_V06', 's3://noaa-nexrad-level2/2025/03/20/KCAE/KCAE20250320_192901_V06']"
94927,F,B738,ANC UA /OV TED070060/TM 1930/FL310/TP B738/TB CONT LGT BLO 310/RM DURC NOEND DEPT  ZAN,CONT LGT BLO 310,202503201900-KMSC-UBUS01-PIREP,31000.0,61.51204784698498,-148.04113129448186,2025-03-20 19:30:00,1.0,M,"('PAIH', 'PAIH', 'PAHG', 'PAPD', 'PAKC')","['s3://noaa-nexrad-level2/2025/03/20/PAIH/PAIH20250320_164357_V06', 's3://noaa-nexrad-level2/2025/03/20/PAIH/PAIH20250320_164357_V06', 's3://noaa-nexrad-level2/2025/03/20/PAHG/PAHG20250320_192647_V06', 's3://noaa-nexrad-level2/2025/03/20/PAPD/PAPD20250320_192425_V06', 's3://noaa-nexrad-level2/2025/03/20/PAKC/PAKC20250320_192809_V06']"
94928,F,BCS3,HVN UA /OV MAD230015/TM 1930/FL160/TP BCS3/TB LGT CHOP 160,LGT CHOP 160,202503202000-KMSC-UBUS01-PIREP,16000.0,41.149290081116256,-72.94497822806596,2025-03-20 19:30:00,1.0,U,"('KOKX', 'KENX', 'KDIX', 'KBOX', 'KBGM')","['s3://noaa-nexrad-level2/2025/03/20/KOKX/KOKX20250320_192705_V06', 's3://noaa-nexrad-level2/2025/03/20/KENX/KENX20250320_192854_V06', 's3://noaa-nexrad-level2/2025/03/20/KDIX/KDIX20250320_192745_V06', 's3://noaa-nexrad-level2/2025/03/20/KBOX/KBOX20250320_192538_V06', 's3://noaa-nexrad-level2/2025/03/20/KBGM/KBGM20250320_192933_V06']"
94929,F,B739,BIE UA /OV LMN190027/TM 1931/FL350/TP B739/TB LGT/RM ZKC FDC,LGT,202503201900-KMSC-UBUS01-PIREP,35000.0,40.156800614866015,-94.07292501333528,2025-03-20 19:31:00,1.0,M,"('KEAX', 'KDMX', 'KTWX', 'KOAX', 'KSGF')","['s3://noaa-nexrad-level2/2025/03/20/KEAX/KEAX20250320_141950_V06', 's3://noaa-nexrad-level2/2025/03/20/KDMX/KDMX20250320_192923_V06', 's3://noaa-nexrad-level2/2025/03/20/KTWX/KTWX20250320_192539_V06', 's3://noaa-nexrad-level2/2025/03/20/KOAX/KOAX20250320_193043_V06', 's3://noaa-nexrad-level2/2025/03/20/KSGF/KSGF20250320_192228_V06']"
94930,F,C421,LOZ UA /OV LVT090020/TM 1931/FL130/TP C421/SK TOP097/TB NEG,NEG,202503202000-KMSC-UBUS01-PIREP,13000.0,36.58,-84.75486957957625,2025-03-20 19:31:00,0.0,L,"('KMRX', 'KJKL', 'KLVX', 'KOHX', 'KHTX')","['s3://noaa-nexrad-level2/2025/03/20/KMRX/KMRX20250320_192959_V06', 's3://noaa-nexrad-level2/2025/03/20/KJKL/KJKL20250320_192934_V06', 's3://noaa-nexrad-level2/2025/03/20/KLVX/KLVX20250320_192502_V06', 's3://noaa-nexrad-level2/2025/03/20/KOHX/KOHX20250320_192325_V06', 's3://noaa-nexrad-level2/2025/03/20/KHTX/KHTX20250320_192743_V06']"
94931,F,A320,GEV UA /OV BZM008030/TM 1933/FL360/TP A320/TB CONS LGT OCNL MOD/IC NEG/RM ZTLFD15,CONS LGT OCNL MOD,202503201900-KMSC-UBUS01-PIREP,36000.0,36.36517414026767,-81.15412067471716,2025-03-20 19:33:00,2.0,M,"('KFCX', 'KGSP', 'KRLX', 'KMRX', 'KCAE')","['s3://noaa-nexrad-level2/2025/03/20/KFCX/KFCX20250320_193012_V06', 's3://noaa-nexrad-level2/2025/03/20/KGSP/KGSP20250320_192823_V06', 's3://noaa-nexrad-level2/2025/03/20/KRLX/KRLX20250320_192948_V06', 's3://noaa-nexrad-level2/2025/03/20/KMRX/KMRX20250320_192959_V06', 's3://noaa-nexrad-level2/2025/03/20/KCAE/KCAE20250320_192901_V06']"
94932,F,F900,LCQ UA /OV LCQ190010/TM 1934/FL410/TP F900/TB CONS LGT OCNL MOD,CONS LGT OCNL MOD,202503201900-KMSC-UBUS01-PIREP,41000.0,30.01795207958,-82.61038292312581,2025-03-20 19:34:00,2.0,M,"('KVAX', 'KJAX', 'KTLH', 'KTBW', 'KMLB')","['s3://noaa-nexrad-level2/2025/03/20/KVAX/KVAX20250320_193310_V06', 's3://noaa-nexrad-level2/2025/03/20/KJAX/KJAX20250320_193324_V06', 's3://noaa-nexrad-level2/2025/03/20/KTLH/KTLH20250320_192744_V06', 's3://noaa-nexrad-level2/2025/03/20/KTBW/KTBW20250320_193212_V06', 's3://noaa-nexrad-level2/2025/03/20/KMLB/KMLB20250320_193143_V06']"
94933,F,E75L,PDX UA /OV BTG340015/TM 1934/FL290/TP E75L/TB LGT-MOD CHOP 280-270/RM /ZSE,LGT-MOD CHOP 280-270,202503201900-KMSC-UBUS01-PIREP,29000.0,45.98494218399108,-122.7125467624846,2025-03-20 19:34:00,2.0,U,"('KRTX', 'KLGX', 'KATX', 'KPDT', 'KMAX')","['s3://noaa-nexrad-level2/2025/03/20/KRTX/KRTX20250320_193347_V06', 's3://noaa-nexrad-level2/2025/03/20/KLGX/KLGX20250320_193048_V06', 's3://noaa-nexrad-level2/2025/03/20/KATX/KATX20250320_193001_V06', 's3://noaa-nexrad-level2/2025/03/20/KPDT/KPDT20250320_192708_V06', 's3://noaa-nexrad-level2/2025/03/20/KMAX/KMAX20250320_192445_V06']"
94934,F,CRJ7,ASE UA /OV ASE/TM 1935/FL100/TP CRJ7/TB CONT LGT/RM DURC,CONT LGT,202503201900-KMSC-UBUS01-PIREP,10000.0,39.22317,-106.86886,2025-03-20 19:35:00,1.0,M,"('KGJX', 'KFTG', 'KPUX', 'KCYS', 'KABX')","['s3://noaa-nexrad-level2/2025/03/20/KGJX/KGJX20250320_193052_V06', 's3://noaa-nexrad-level2/2025/03/20/KFTG/KFTG20250320_193304_V06', 's3://noaa-nexrad-level2/2025/03/20/KPUX/KPUX20250320_193445_V06', 's3://noaa-nexrad-level2/2025/03/20/KCYS/KCYS20250320_193045_V06', 's3://noaa-nexrad-level2/2025/03/20/KABX/KABX20250320_193129_V06']"
94935,F,B190,ANC UA /OV TED095038/TM 1935/FL120/TP B190/TB NEG/IC NEG/RM VMC ZAN,NEG,202503201900-KMSC-UBUS01-PIREP,12000.0,61.11479689183241,-148.68150117295033,2025-03-20 19:35:00,0.0,M,"('PAHG', 'PAIH', 'PAIH', 'PAPD', 'PAKC')","['s3://noaa-nexrad-level2/2025/03/20/PAHG/PAHG20250320_193123_V06', 's3://noaa-nexrad-level2/2025/03/20/PAIH/PAIH20250320_193357_V06', 's3://noaa-nexrad-level2/2025/03/20/PAIH/PAIH20250320_193357_V06', 's3://noaa-nexrad-level2/2025/03/20/PAPD/PAPD20250320_193127_V06', 's3://noaa-nexrad-level2/2025/03/20/PAKC/PAKC20250320_192809_V06']"
94936,F,E75L,MSN UA /OV DLL/TM 1937/FL350/TP E75L/TB MOD 340-350,MOD 340-350,202503201900-KMSC-UBUS01-PIREP,35000.0,43.522,-89.771,2025-03-20 19:37:00,3.0,U,"('KMKX', 'KARX', 'KGRB', 'KDVN', 'KLOT')","['s3://noaa-nexrad-level2/2025/03/20/KMKX/KMKX20250320_193642_V06', 's3://noaa-nexrad-level2/2025/03/20/KARX/KARX20250320_193033_V06', 's3://noaa-nexrad-level2/2025/03/20/KGRB/KGRB20250320_193219_V06', 's3://noaa-nexrad-level2/2025/03/20/KDVN/KDVN20250320_192813_V06', 's3://noaa-nexrad-level2/2025/03/20/KLOT/KLOT20250320_193317_V06']"
94937,F,CL35,SLN UA /OV SLN170025/TM 1937/FL400/TP CL35/TB CONS LGT CHOP/RM ZKC FDC,CONS LGT CHOP,202503201900-KMSC-UBUS01-PIREP,40000.0,38.38060019895001,-97.55933466512133,2025-03-20 19:37:00,1.0,U,"('KICT', 'KTWX', 'KVNX', 'KUEX', 'KDDC')","['s3://noaa-nexrad-level2/2025/03/20/KICT/KICT20250320_193250_V06', 's3://noaa-nexrad-level2/2025/03/20/KTWX/KTWX20250320_193403_V06', 's3://noaa-nexrad-level2/2025/03/20/KVNX/KVNX20250320_193519_V06', 's3://noaa-nexrad-level2/2025/03/20/KUEX/KUEX20250320_193113_V06', 's3://noaa-nexrad-level2/2025/03/20/KDDC/KDDC20250320_193647_V06']"
94938,F,B758X,BIV UA /OV PMM360030/TM 1937/FL220/TP B758X/TB CONS LGT 220-230,CONS LGT 220-230,202503201900-KMSC-UBUS01-PIREP,22000.0,42.9700405000405,-86.11,2025-03-20 19:37:00,1.0,,"('KGRR', 'KIWX', 'KAPX', 'KLOT', 'KMKX')","['s3://noaa-nexrad-level2/2025/03/20/KGRR/KGRR20250320_192919_V06', 's3://noaa-nexrad-level2/2025/03/20/KIWX/KIWX20250320_193205_V06', 's3://noaa-nexrad-level2/2025/03/20/KAPX/KAPX20250320_193309_V06', 's3://noaa-nexrad-level2/2025/03/20/KLOT/KLOT20250320_193317_V06', 's3://noaa-nexrad-level2/2025/03/20/KMKX/KMKX20250320_193642_V06']"
94939,F,BCS3,ISP UA /OV DPK200017/TM 1937/FL270/TP BCS3/TB LGT-MOD 270,LGT-MOD 270,202503201900-KMSC-UBUS01-PIREP,27000.0,40.52373219147678,-73.42800474626688,2025-03-20 19:37:00,2.0,U,"('KOKX', 'KDIX', 'KENX', 'KDOX', 'KBOX')","['s3://noaa-nexrad-level2/2025/03/20/KOKX/KOKX20250320_193545_V06', 's3://noaa-nexrad-level2/2025/03/20/KDIX/KDIX20250320_193223_V06', 's3://noaa-nexrad-level2/2025/03/20/KENX/KENX20250320_193547_V06', 's3://noaa-nexrad-level2/2025/03/20/KDOX/KDOX20250320_193317_V06', 's3://noaa-nexrad-level2/2025/03/20/KBOX/KBOX20250320_193230_V06']"
94940,F,M600,SYI UA /OV SYI/TM 1937/FL040/TP M600/TA M04/TB NEG/IC LGT RIME/RM ZME,NEG,202503201900-KMSC-UBUS01-PIREP,4000.0,35.5594,-86.4425,2025-03-20 19:37:00,0.0,U,"('KOHX', 'KHTX', 'KHPX', 'KBMX', 'KLVX')","['s3://noaa-nexrad-level2/2025/03/20/KOHX/KOHX20250320_193204_V06', 's3://noaa-nexrad-level2/2025/03/20/KHTX/KHTX20250320_193653_V06', 's3://noaa-nexrad-level2/2025/03/20/KHPX/KHPX20250320_193247_V06', 's3://noaa-nexrad-level2/2025/03/20/KBMX/KBMX20250320_193413_V06', 's3://noaa-nexrad-level2/2025/03/20/KLVX/KLVX20250320_193207_V06']"
94941,F,A21N,RKS UA /OV OCS350040/TM 1937/FL340/TP A21N/TB MOD CHOP/RM MTW +/-15KT/ZLC,MOD CHOP,202503201900-KMSC-UBUS01-PIREP,34000.0,42.24659168167999,-109.17479698947432,2025-03-20 19:37:00,3.0,U,"('KRIW', 'KGJX', 'KMTX', 'KSFX', 'KBLX')","['s3://noaa-nexrad-level2/2025/03/20/KRIW/KRIW20250320_193402_V06', 's3://noaa-nexrad-level2/2025/03/20/KGJX/KGJX20250320_193618_V06', 's3://noaa-nexrad-level2/2025/03/20/KMTX/KMTX20250320_193615_V06', 's3://noaa-nexrad-level2/2025/03/20/KSFX/KSFX20250320_193650_V06', 's3://noaa-nexrad-level2/2025/03/20/KBLX/KBLX20250320_192900_V06']"
94942,F,C182,NTD UA /OV KHHR-KNTD /TM 1939 /FL045 /TP C182 /WX FV99SM /TB NEG 035-045 /RM SMTH OFSHR,NEG 035-045,202503201900-KMSC-UBUS01-PIREP,4500.0,34.02142,-118.727595,2025-03-20 19:39:00,0.0,L,"('KVTX', 'KSOX', 'KEYX', 'KVBX', 'KNKX')","['s3://noaa-nexrad-level2/2025/03/20/KVTX/KVTX20250320_193855_V06', 's3://noaa-nexrad-level2/2025/03/20/KSOX/KSOX20250320_193529_V06', 's3://noaa-nexrad-level2/2025/03/20/KEYX/KEYX20250320_235539_V06', 's3://noaa-nexrad-level2/2025/03/20/KVBX/KVBX20250320_193621_V06', 's3://noaa-nexrad-level2/2025/03/20/KNKX/KNKX20250320_193350_V06']"
94943,F,E550,CSG UA /OV CSG/TM 1939/FL240/TP E550/SK SKC/TB NEG/RM ZTLFD10,NEG,202503201900-KMSC-UBUS01-PIREP,24000.0,32.51611,-84.94222,2025-03-20 19:39:00,0.0,U,"('KMXX', 'KFFC', 'KEOX', 'KJGX', 'KBMX')","['s3://noaa-nexrad-level2/2025/03/20/KMXX/KMXX20250320_193610_V06', 's3://noaa-nexrad-level2/2025/03/20/KFFC/KFFC20250320_193240_V06', 's3://noaa-nexrad-level2/2025/03/20/KEOX/KEOX20250320_143812_V06', 's3://noaa-nexrad-level2/2025/03/20/KJGX/KJGX20250320_193721_V06', 's3://noaa-nexrad-level2/2025/03/20/KBMX/KBMX20250320_193413_V06']"
94944,F,B738,ILM UA /OV ILM180040/TM 1940/FL320/TP B738/TB LGT CHOP,LGT CHOP,202503201900-KMSC-UBUS01-PIREP,32000.0,33.60327933327934,-77.9,2025-03-20 19:40:00,1.0,M,"('KLTX', 'KMHX', 'KRAX', 'KCAE', 'KCLX')","['s3://noaa-nexrad-level2/2025/03/20/KLTX/KLTX20250320_193532_V06', 's3://noaa-nexrad-level2/2025/03/20/KMHX/KMHX20250320_193703_V06', 's3://noaa-nexrad-level2/2025/03/20/KRAX/KRAX20250320_193410_V06', 's3://noaa-nexrad-level2/2025/03/20/KCAE/KCAE20250320_193814_V06', 's3://noaa-nexrad-level2/2025/03/20/KCLX/KCLX20250320_193954_V06']"
94945,F,B737,OTZ UA /OV OTZ/TM 1940/FL300/TP B737/SK SKC/TB NEG/IC NEG/RM DURC /ZAN/,NEG,202503201900-KMSC-UBUS01-PIREP,30000.0,66.88,-162.59,2025-03-20 19:40:00,0.0,M,"('PAEC', 'PABC', 'PAKC', 'PAHG', 'PAPD')","['s3://noaa-nexrad-level2/2025/03/20/PAEC/PAEC20250320_193859_V06', 's3://noaa-nexrad-level2/2025/03/20/PAKC/PAKC20250320_193512_V06', 's3://noaa-nexrad-level2/2025/03/20/PAHG/PAHG20250320_193557_V06', 's3://noaa-nexrad-level2/2025/03/20/PAPD/PAPD20250320_193832_V06']"
94946,F,S22T,ALX UA /OV ALX/TM 1940/FL050/TP S22T/SK OVC 055/TA 23/TB LGT CHOP/IC NEG/RM ZTLFD09,LGT CHOP,202503201900-KMSC-UBUS01-PIREP,5000.0,32.9142739,-85.96126484,2025-03-20 19:40:00,1.0,U,"('KMXX', 'KBMX', 'KFFC', 'KEOX', 'KHTX')","['s3://noaa-nexrad-level2/2025/03/20/KMXX/KMXX20250320_193610_V06', 's3://noaa-nexrad-level2/2025/03/20/KBMX/KBMX20250320_193413_V06', 's3://noaa-nexrad-level2/2025/03/20/KFFC/KFFC20250320_193932_V06', 's3://noaa-nexrad-level2/2025/03/20/KEOX/KEOX20250320_143812_V06', 's3://noaa-nexrad-level2/2025/03/20/KHTX/KHTX20250320_193653_V06']"
94947,F,C560,AVP UA /OV AVP/TM 1941/FL060/TP C560/TB LGT-MOD CHOP BLO 060,LGT-MOD CHOP BLO 060,202503201900-KMSC-UBUS01-PIREP,6000.0,41.33347,-75.72267,2025-03-20 19:41:00,2.0,M,"('KBGM', 'KDIX', 'KENX', 'KCCX', 'KTYX')","['s3://noaa-nexrad-level2/2025/03/20/KBGM/KBGM20250320_193828_V06', 's3://noaa-nexrad-level2/2025/03/20/KDIX/KDIX20250320_193701_V06', 's3://noaa-nexrad-level2/2025/03/20/KENX/KENX20250320_193547_V06', 's3://noaa-nexrad-level2/2025/03/20/KCCX/KCCX20250320_194011_V06', 's3://noaa-nexrad-level2/2025/03/20/KTYX/KTYX20250320_193751_V06']"
94948,F,PC12,CSV UA /OV HCH/TM 1941/FL145/TP PC12/SK SKC/TB NEG CHOP/IC TRACE/RM ZTLFD41,NEG CHOP,202503201900-KMSC-UBUS01-PIREP,14500.0,35.78,-84.98,2025-03-20 19:41:00,0.0,L,"('KHTX', 'KMRX', 'KOHX', 'KLVX', 'KFFC')","['s3://noaa-nexrad-level2/2025/03/20/KHTX/KHTX20250320_193653_V06', 's3://noaa-nexrad-level2/2025/03/20/KMRX/KMRX20250320_193655_V06', 's3://noaa-nexrad-level2/2025/03/20/KOHX/KOHX20250320_194037_V06', 's3://noaa-nexrad-level2/2025/03/20/KLVX/KLVX20250320_193912_V06', 's3://noaa-nexrad-level2/2025/03/20/KFFC/KFFC20250320_193932_V06']"
94949,F,CL60,MGM UA /OV MGM/TM 1941/FL340/TP CL60/SK SKC/TB NEG/RM ZTLFD11,NEG,202503201900-KMSC-UBUS01-PIREP,34000.0,32.30064,-86.39397,2025-03-20 19:41:00,0.0,M,"('KMXX', 'KBMX', 'KEOX', 'KEVX', 'KFFC')","['s3://noaa-nexrad-level2/2025/03/20/KMXX/KMXX20250320_194037_V06', 's3://noaa-nexrad-level2/2025/03/20/KBMX/KBMX20250320_193413_V06', 's3://noaa-nexrad-level2/2025/03/20/KEOX/KEOX20250320_143812_V06', 's3://noaa-nexrad-level2/2025/03/20/KEVX/KEVX20250320_194043_V06', 's3://noaa-nexrad-level2/2025/03/20/KFFC/KFFC20250320_193932_V06']"
94950,F,E75L,CMH UA /OV ROD180020/TM 1941/FL290/TP E75L/TB OCNL LGT CHOP,OCNL LGT CHOP,202503202000-KMSC-UBUS01-PIREP,29000.0,39.95663966663967,-84.04,2025-03-20 19:41:00,1.0,U,"('KILN', 'KIWX', 'KIND', 'KJKL', 'KCLE')","['s3://noaa-nexrad-level2/2025/03/20/KILN/KILN20250320_193542_V06', 's3://noaa-nexrad-level2/2025/03/20/KIWX/KIWX20250320_194036_V06', 's3://noaa-nexrad-level2/2025/03/20/KIND/KIND20250320_193652_V06', 's3://noaa-nexrad-level2/2025/03/20/KJKL/KJKL20250320_193638_V06', 's3://noaa-nexrad-level2/2025/03/20/KCLE/KCLE20250320_193817_V06']"
94951,F,C172,RPD UA /OV RPD/TM 1942/FL045/TP C172/TA M02/TB CONS MOD,CONS MOD,202503201900-KMSC-UBUS01-PIREP,4500.0,45.4201,-91.77332,2025-03-20 19:42:00,3.0,L,"('KDLH', 'KARX', 'KMPX', 'KGRB', 'KDVN')","['s3://noaa-nexrad-level2/2025/03/20/KDLH/KDLH20250320_193817_V06', 's3://noaa-nexrad-level2/2025/03/20/KARX/KARX20250320_193721_V06', 's3://noaa-nexrad-level2/2025/03/20/KMPX/KMPX20250320_193710_V06', 's3://noaa-nexrad-level2/2025/03/20/KGRB/KGRB20250320_193904_V06', 's3://noaa-nexrad-level2/2025/03/20/KDVN/KDVN20250320_193753_V06']"
94952,F,C550,UAO UA /OV KUAO/TM 1942/FL018/TP C550/SK BKN018-TOPUNKN/WX FV05SM/WV 18030KT/TB CONS MOD CHOP/RM DURD RWY 17,CONS MOD CHOP,202503201900-KMSC-UBUS01-PIREP,1800.0,45.25,-122.77,2025-03-20 19:42:00,3.0,L,"('KRTX', 'KLGX', 'KATX', 'KMAX', 'KPDT')","['s3://noaa-nexrad-level2/2025/03/20/KRTX/KRTX20250320_193955_V06', 's3://noaa-nexrad-level2/2025/03/20/KLGX/KLGX20250320_193656_V06', 's3://noaa-nexrad-level2/2025/03/20/KATX/KATX20250320_193911_V06', 's3://noaa-nexrad-level2/2025/03/20/KMAX/KMAX20250320_193501_V06', 's3://noaa-nexrad-level2/2025/03/20/KPDT/KPDT20250320_193415_V06']"
94953,F,C206,ATL UA /OV 0A8/TM 1942/FL035/TP C206/SK BASE 045/TB LGT CHOP INTMT/IC NEG/RM ZTLFD13,LGT CHOP INTMT,202503201900-KMSC-UBUS01-PIREP,3500.0,32.93,-87.09,2025-03-20 19:42:00,1.0,L,"('KBMX', 'KMXX', 'KGWX', 'KEOX', 'KHTX')","['s3://noaa-nexrad-level2/2025/03/20/KBMX/KBMX20250320_193413_V06', 's3://noaa-nexrad-level2/2025/03/20/KMXX/KMXX20250320_194037_V06', 's3://noaa-nexrad-level2/2025/03/20/KGWX/KGWX20250320_193600_V06', 's3://noaa-nexrad-level2/2025/03/20/KEOX/KEOX20250320_143812_V06', 's3://noaa-nexrad-level2/2025/03/20/KHTX/KHTX20250320_194124_V06']"
94954,F,A316,SDF UA /OV IIU290025/TM 1942/FL120/TP A316/TB NEG /IC NEG DURC,NEG,202503202000-KMSC-UBUS01-PIREP,12000.0,38.24251993624375,-86.07758912200381,2025-03-20 19:42:00,0.0,U,"('KLVX', 'KIND', 'KVWX', 'KHPX', 'KOHX')","['s3://noaa-nexrad-level2/2025/03/20/KLVX/KLVX20250320_193912_V06', 's3://noaa-nexrad-level2/2025/03/20/KIND/KIND20250320_193652_V06', 's3://noaa-nexrad-level2/2025/03/20/KVWX/KVWX20250320_194146_V06', 's3://noaa-nexrad-level2/2025/03/20/KHPX/KHPX20250320_194000_V06', 's3://noaa-nexrad-level2/2025/03/20/KOHX/KOHX20250320_194037_V06']"
94955,F,CL35,GNV UA /OV TAY180020/TM 1943/FL410/TP CL35/TB CONS LGT OCNL MOD,CONS LGT OCNL MOD,202503201900-KMSC-UBUS01-PIREP,41000.0,30.166639666639668,-82.55,2025-03-20 19:43:00,2.0,U,"('KVAX', 'KJAX', 'KTLH', 'KTBW', 'KJGX')","['s3://noaa-nexrad-level2/2025/03/20/KVAX/KVAX20250320_194225_V06', 's3://noaa-nexrad-level2/2025/03/20/KJAX/KJAX20250320_194023_V06', 's3://noaa-nexrad-level2/2025/03/20/KTLH/KTLH20250320_194103_V06', 's3://noaa-nexrad-level2/2025/03/20/KTBW/KTBW20250320_194131_V06', 's3://noaa-nexrad-level2/2025/03/20/KJGX/KJGX20250320_193721_V06']"
94956,F,C525,ATL UA /OV JFX/TM 1943/FL080/TP C525/SK TOP 080/TA M2/TB NEG/IC NEG/RM ZTLFD13,NEG,202503201900-KMSC-UBUS01-PIREP,8000.0,33.902,-87.3142,2025-03-20 19:43:00,0.0,L,"('KBMX', 'KGWX', 'KHTX', 'KMXX', 'KOHX')","['s3://noaa-nexrad-level2/2025/03/20/KBMX/KBMX20250320_193413_V06', 's3://noaa-nexrad-level2/2025/03/20/KGWX/KGWX20250320_193600_V06', 's3://noaa-nexrad-level2/2025/03/20/KHTX/KHTX20250320_194124_V06', 's3://noaa-nexrad-level2/2025/03/20/KMXX/KMXX20250320_194037_V06', 's3://noaa-nexrad-level2/2025/03/20/KOHX/KOHX20250320_194037_V06']"
94957,F,B350,ATL UA /OV GATRY/TM 1944/FL060/TP B350/TB MOD,MOD,202503201900-KMSC-UBUS01-PIREP,6000.0,33.6301,-84.4418,2025-03-20 19:44:00,3.0,M,"('KFFC', 'KJGX', 'KMXX', 'KHTX', 'KBMX')","['s3://noaa-nexrad-level2/2025/03/20/KFFC/KFFC20250320_193932_V06', 's3://noaa-nexrad-level2/2025/03/20/KJGX/KJGX20250320_193721_V06', 's3://noaa-nexrad-level2/2025/03/20/KMXX/KMXX20250320_194037_V06', 's3://noaa-nexrad-level2/2025/03/20/KHTX/KHTX20250320_194124_V06', 's3://noaa-nexrad-level2/2025/03/20/KBMX/KBMX20250320_193413_V06']"
94958,F,C25C,MEI UA /OV MEI135030/TM 1944/FL205/TP C25C/TB MOD 170-205/RM ZME,MOD 170-205,202503201900-KMSC-UBUS01-PIREP,20500.0,31.98116797155345,-88.33259882322804,2025-03-20 19:44:00,3.0,U,"('KMOB', 'KDGX', 'KGWX', 'KBMX', 'KLIX')","['s3://noaa-nexrad-level2/2025/03/20/KMOB/KMOB20250320_194155_V06', 's3://noaa-nexrad-level2/2025/03/20/KDGX/KDGX20250320_193752_V06', 's3://noaa-nexrad-level2/2025/03/20/KGWX/KGWX20250320_194307_V06', 's3://noaa-nexrad-level2/2025/03/20/KBMX/KBMX20250320_193413_V06']"
94959,F,C182,ATL UA /OV 61A/TM 1944/FL080/TP C182/SK SKC/TB NEG/RM ZTLFD13,NEG,202503201900-KMSC-UBUS01-PIREP,8000.0,31.97,-87.33,2025-03-20 19:44:00,0.0,L,"('KBMX', 'KMOB', 'KMXX', 'KEOX', 'KEVX')","['s3://noaa-nexrad-level2/2025/03/20/KBMX/KBMX20250320_193413_V06', 's3://noaa-nexrad-level2/2025/03/20/KMOB/KMOB20250320_194155_V06', 's3://noaa-nexrad-level2/2025/03/20/KMXX/KMXX20250320_194037_V06', 's3://noaa-nexrad-level2/2025/03/20/KEOX/KEOX20250320_143812_V06', 's3://noaa-nexrad-level2/2025/03/20/KEVX/KEVX20250320_194043_V06']"
94960,F,A20N,CTY UA /OV CTY/TM 1944/FL340/TP A20N/TB NEG,NEG,202503201900-KMSC-UBUS01-PIREP,34000.0,29.63553,-83.10475,2025-03-20 19:44:00,0.0,U,"('KVAX', 'KTLH', 'KJAX', 'KTBW', 'KMLB')","['s3://noaa-nexrad-level2/2025/03/20/KVAX/KVAX20250320_194225_V06', 's3://noaa-nexrad-level2/2025/03/20/KTLH/KTLH20250320_194103_V06', 's3://noaa-nexrad-level2/2025/03/20/KJAX/KJAX20250320_194023_V06', 's3://noaa-nexrad-level2/2025/03/20/KTBW/KTBW20250320_194131_V06', 's3://noaa-nexrad-level2/2025/03/20/KMLB/KMLB20250320_193847_V06']"
94961,F,B739,GGW UA /OV GGW025036/TM 1944/FL340/TP B739/TB CONS LGT OCNL MOD/ZLC,CONS LGT OCNL MOD,202503201900-KMSC-UBUS01-PIREP,34000.0,48.757628718824485,-106.24083364138689,2025-03-20 19:44:00,2.0,M,"('KGGW', 'KBLX', 'KTFX', 'KMBX', 'KUDX')","['s3://noaa-nexrad-level2/2025/03/20/KGGW/KGGW20250320_194207_V06', 's3://noaa-nexrad-level2/2025/03/20/KBLX/KBLX20250320_193843_V06', 's3://noaa-nexrad-level2/2025/03/20/KTFX/KTFX20250320_194305_V06', 's3://noaa-nexrad-level2/2025/03/20/KMBX/KMBX20250320_194118_V06', 's3://noaa-nexrad-level2/2025/03/20/KUDX/KUDX20250320_194153_V06']"
94962,F,CRJ7,LAR UA /OV MBW/TM 1945/FL360/TP CRJ7/TB MOD/RM ZDVWC-34,MOD,202503201900-KMSC-UBUS01-PIREP,36000.0,41.85,-106.0,2025-03-20 19:45:00,3.0,M,"('KCYS', 'KFTG', 'KRIW', 'KGJX', 'KPUX')","['s3://noaa-nexrad-level2/2025/03/20/KCYS/KCYS20250320_194028_V06', 's3://noaa-nexrad-level2/2025/03/20/KFTG/KFTG20250320_194145_V06', 's3://noaa-nexrad-level2/2025/03/20/KRIW/KRIW20250320_194244_V06', 's3://noaa-nexrad-level2/2025/03/20/KGJX/KGJX20250320_194146_V06', 's3://noaa-nexrad-level2/2025/03/20/KPUX/KPUX20250320_194151_V06']"
94963,F,C525,CMH UA /OV EDJ/TM 1945/FL040/TP C525/TB LT - MOD CHOP 035-030,LT - MOD CHOP 035-030,202503201900-KMSC-UBUS01-PIREP,4000.0,40.3722778,-83.81925,2025-03-20 19:45:00,3.0,L,"('KILN', 'KIWX', 'KCLE', 'KDTX', 'KIND')","['s3://noaa-nexrad-level2/2025/03/20/KILN/KILN20250320_194115_V06', 's3://noaa-nexrad-level2/2025/03/20/KIWX/KIWX20250320_194036_V06', 's3://noaa-nexrad-level2/2025/03/20/KCLE/KCLE20250320_194257_V06', 's3://noaa-nexrad-level2/2025/03/20/KDTX/KDTX20250320_194424_V06', 's3://noaa-nexrad-level2/2025/03/20/KIND/KIND20250320_194359_V06']"
94964,F,E75L,ZZV UA /OV ZZV005020/TM 1945/FL320/TP E75L/TB OCNL LGT CHOP,OCNL LGT CHOP,202503202000-KMSC-UBUS01-PIREP,32000.0,40.27654179664766,-81.85419315997459,2025-03-20 19:45:00,1.0,U,"('KCLE', 'KPBZ', 'KRLX', 'KILN', 'KDTX')","['s3://noaa-nexrad-level2/2025/03/20/KCLE/KCLE20250320_194257_V06', 's3://noaa-nexrad-level2/2025/03/20/KPBZ/KPBZ20250320_194245_V06', 's3://noaa-nexrad-level2/2025/03/20/KRLX/KRLX20250320_194344_V06', 's3://noaa-nexrad-level2/2025/03/20/KILN/KILN20250320_194115_V06', 's3://noaa-nexrad-level2/2025/03/20/KDTX/KDTX20250320_194424_V06']"
94965,F,C700,LNS UA /OV LRP/TM 1946/FL110/TP C700/TB MOD CAT,MOD CAT,202503201900-KMSC-UBUS01-PIREP,11000.0,40.12,-76.29,2025-03-20 19:46:00,3.0,U,"('KDOX', 'KLWX', 'KDIX', 'KCCX', 'KBGM')","['s3://noaa-nexrad-level2/2025/03/20/KDOX/KDOX20250320_194143_V06', 's3://noaa-nexrad-level2/2025/03/20/KLWX/KLWX20250320_194546_V06', 's3://noaa-nexrad-level2/2025/03/20/KDIX/KDIX20250320_194138_V06', 's3://noaa-nexrad-level2/2025/03/20/KCCX/KCCX20250320_194533_V06', 's3://noaa-nexrad-level2/2025/03/20/KBGM/KBGM20250320_194256_V06']"
94966,F,B190,CDB UA /OV CDB/TM 1946/FL160/TP B190/TB NEG/IC NEG/RM DURC /ZAN/,NEG,202503201900-KMSC-UBUS01-PIREP,16000.0,55.2,-162.72,2025-03-20 19:46:00,0.0,M,"('PABC', 'PAKC', 'PAEC', 'PAHG', 'PAIH')","['s3://noaa-nexrad-level2/2025/03/20/PAKC/PAKC20250320_194216_V06', 's3://noaa-nexrad-level2/2025/03/20/PAEC/PAEC20250320_194545_V06', 's3://noaa-nexrad-level2/2025/03/20/PAHG/PAHG20250320_194501_V06', 's3://noaa-nexrad-level2/2025/03/20/PAIH/PAIH20250320_194521_V06']"
94967,F,C25M,ELD UA /OV ELD315030/TM 1946/FL410/TP C25M/TB INTMT LGT MOD/RM MTN ACTION -10-20FT/ZME,INTMT LGT MOD,202503201900-KMSC-UBUS01-PIREP,41000.0,33.574552028446554,-93.23593994128188,2025-03-20 19:46:00,2.0,U,"('KSHV', 'KLZK', 'KSRX', 'KPOE', 'KLCH')","['s3://noaa-nexrad-level2/2025/03/20/KSHV/KSHV20250320_194502_V06', 's3://noaa-nexrad-level2/2025/03/20/KLZK/KLZK20250320_194228_V06', 's3://noaa-nexrad-level2/2025/03/20/KSRX/KSRX20250320_193940_V06', 's3://noaa-nexrad-level2/2025/03/20/KPOE/KPOE20250320_194401_V06', 's3://noaa-nexrad-level2/2025/03/20/KLCH/KLCH20250320_194550_V06']"
94968,F,E145,IAD UA /OV IAD170015/TM 1946/FL270/TP E145/TB LGT CHOP/RM WX DEVIATIONS,LGT CHOP,202503201900-KMSC-UBUS01-PIREP,27000.0,38.688618119370005,-77.3914659766633,2025-03-20 19:46:00,1.0,M,"('KLWX', 'KAKQ', 'KDOX', 'KCCX', 'KRAX')","['s3://noaa-nexrad-level2/2025/03/20/KLWX/KLWX20250320_194546_V06', 's3://noaa-nexrad-level2/2025/03/20/KAKQ/KAKQ20250320_194307_V06', 's3://noaa-nexrad-level2/2025/03/20/KDOX/KDOX20250320_194143_V06', 's3://noaa-nexrad-level2/2025/03/20/KCCX/KCCX20250320_194533_V06', 's3://noaa-nexrad-level2/2025/03/20/KRAX/KRAX20250320_194024_V06']"
94969,F,P28A,HUF UA /OV HUF/TM 1947/FL016/TP P28A/TB LGT TURB,LGT TURB,202503201900-KMSC-UBUS01-PIREP,1600.0,39.45147,-87.30758,2025-03-20 19:47:00,1.0,L,"('KIND', 'KVWX', 'KLVX', 'KILX', 'KLOT')","['s3://noaa-nexrad-level2/2025/03/20/KIND/KIND20250320_194359_V06', 's3://noaa-nexrad-level2/2025/03/20/KVWX/KVWX20250320_194146_V06', 's3://noaa-nexrad-level2/2025/03/20/KLVX/KLVX20250320_194617_V06', 's3://noaa-nexrad-level2/2025/03/20/KILX/KILX20250320_194622_V06', 's3://noaa-nexrad-level2/2025/03/20/KLOT/KLOT20250320_194024_V06']"
94970,F,B738,MLC UA /OV MLC/TM 1947/FL250/TP B738/TB MOD/RM ZFW,MOD,202503201900-KMSC-UBUS01-PIREP,25000.0,34.88222,-95.78306,2025-03-20 19:47:00,3.0,M,"('KINX', 'KSRX', 'KTLX', 'KOUN', 'KFWS')","['s3://noaa-nexrad-level2/2025/03/20/KINX/KINX20250320_194215_V06', 's3://noaa-nexrad-level2/2025/03/20/KSRX/KSRX20250320_193940_V06', 's3://noaa-nexrad-level2/2025/03/20/KTLX/KTLX20250320_194135_V06', 's3://noaa-nexrad-level2/2025/03/20/KFWS/KFWS20250320_194127_V06']"
94971,F,SF34,ADQ UA /OV ADQ/TM 1947/FL125/TP SF34/SK OVC020-TOP030/SKC/TB NEG/IC NEG/RM DURC /ZAN/,NEG,202503201900-KMSC-UBUS01-PIREP,12500.0,57.74,-152.49,2025-03-20 19:47:00,0.0,M,"('PAHG', 'PAKC', 'PAIH', 'PAIH', 'PAPD')","['s3://noaa-nexrad-level2/2025/03/20/PAHG/PAHG20250320_194501_V06', 's3://noaa-nexrad-level2/2025/03/20/PAKC/PAKC20250320_194216_V06', 's3://noaa-nexrad-level2/2025/03/20/PAIH/PAIH20250320_194521_V06', 's3://noaa-nexrad-level2/2025/03/20/PAIH/PAIH20250320_194521_V06', 's3://noaa-nexrad-level2/2025/03/20/PAPD/PAPD20250320_194535_V06']"
94972,F,B739,MSO UA /OV MSO340018/TM 1948/FL340/TP B739/TB LGT/RM INT MTN WV /ZSE,LGT,202503201900-KMSC-UBUS01-PIREP,34000.0,47.20273062078929,-114.24273873087068,2025-03-20 19:48:00,1.0,M,"('KMSX', 'KTFX', 'KOTX', 'KCBX', 'KSFX')","['s3://noaa-nexrad-level2/2025/03/20/KMSX/KMSX20250320_193956_V06', 's3://noaa-nexrad-level2/2025/03/20/KTFX/KTFX20250320_194305_V06', 's3://noaa-nexrad-level2/2025/03/20/KOTX/KOTX20250320_194455_V06', 's3://noaa-nexrad-level2/2025/03/20/KCBX/KCBX20250320_194446_V06', 's3://noaa-nexrad-level2/2025/03/20/KSFX/KSFX20250320_194609_V06']"
94973,F,B738,LBF UA /OV LBF120035/TM 1948/FL360/TP B738/TB CONS LGT OCNL MOD CHOP/RM ZDVWC-09,CONS LGT OCNL MOD CHOP,202503201900-KMSC-UBUS01-PIREP,36000.0,40.830219708309706,-99.99829175775842,2025-03-20 19:48:00,2.0,M,"('KLNX', 'KUEX', 'KGLD', 'KDDC', 'KOAX')","['s3://noaa-nexrad-level2/2025/03/20/KLNX/KLNX20250320_194741_V06', 's3://noaa-nexrad-level2/2025/03/20/KUEX/KUEX20250320_194512_V06', 's3://noaa-nexrad-level2/2025/03/20/KGLD/KGLD20250320_194621_V06', 's3://noaa-nexrad-level2/2025/03/20/KDDC/KDDC20250320_194529_V06', 's3://noaa-nexrad-level2/2025/03/20/KOAX/KOAX20250320_194427_V06']"
94974,F,E75L,CMH UA /OV APE170015/TM 1950/FL330/TP E75L/TB NEG,NEG,202503202000-KMSC-UBUS01-PIREP,33000.0,39.90377811937,-82.53320004021002,2025-03-20 19:50:00,0.0,U,"('KILN', 'KCLE', 'KRLX', 'KPBZ', 'KJKL')","['s3://noaa-nexrad-level2/2025/03/20/KILN/KILN20250320_194702_V06', 's3://noaa-nexrad-level2/2025/03/20/KCLE/KCLE20250320_194737_V06', 's3://noaa-nexrad-level2/2025/03/20/KRLX/KRLX20250320_194344_V06', 's3://noaa-nexrad-level2/2025/03/20/KPBZ/KPBZ20250320_194720_V06', 's3://noaa-nexrad-level2/2025/03/20/KJKL/KJKL20250320_194343_V06']"
94975,F,BCS3,MSS UA /OV KMSS/TM 1951/FL060/TP BCS3/TB MOD CAT,MOD CAT,202503202000-KMSC-UBUS01-PIREP,6000.0,44.93583,-74.84556,2025-03-20 19:51:00,3.0,U,"('KTYX', 'KCXX', 'KENX', 'KBGM', 'KBUF')","['s3://noaa-nexrad-level2/2025/03/20/KTYX/KTYX20250320_195046_V06', 's3://noaa-nexrad-level2/2025/03/20/KCXX/KCXX20250320_195016_V06', 's3://noaa-nexrad-level2/2025/03/20/KENX/KENX20250320_194928_V06', 's3://noaa-nexrad-level2/2025/03/20/KBGM/KBGM20250320_194721_V06', 's3://noaa-nexrad-level2/2025/03/20/KBUF/KBUF20250320_195053_V06']"
94976,F,C162,ISM UA /OV ISM/TM 1952/FL025/TP C162/TB MOD TURB,MOD TURB,202503202000-KMSC-UBUS01-PIREP,2500.0,28.29,-81.44,2025-03-20 19:52:00,3.0,L,"('KMLB', 'KTBW', 'KJAX', 'KAMX', 'KAMX')","['s3://noaa-nexrad-level2/2025/03/20/KMLB/KMLB20250320_194551_V06', 's3://noaa-nexrad-level2/2025/03/20/KTBW/KTBW20250320_195048_V06', 's3://noaa-nexrad-level2/2025/03/20/KJAX/KJAX20250320_194722_V06', 's3://noaa-nexrad-level2/2025/03/20/KAMX/KAMX20250320_194322_V06', 's3://noaa-nexrad-level2/2025/03/20/KAMX/KAMX20250320_194322_V06']"
94977,F,PA18,MRI UA /OV MRI 150009/TM 1953/FL015/TP PA18/TB CONT MOD,CONT MOD,202503201900-KMSC-UBUS01-PIREP,1500.0,61.080085667213154,-149.68425672238862,2025-03-20 19:53:00,3.0,L,"('PAHG', 'PAIH', 'PAIH', 'PAPD', 'PAKC')","['s3://noaa-nexrad-level2/2025/03/20/PAHG/PAHG20250320_194936_V06', 's3://noaa-nexrad-level2/2025/03/20/PAIH/PAIH20250320_195224_V06', 's3://noaa-nexrad-level2/2025/03/20/PAIH/PAIH20250320_195224_V06', 's3://noaa-nexrad-level2/2025/03/20/PAPD/PAPD20250320_195237_V06', 's3://noaa-nexrad-level2/2025/03/20/PAKC/PAKC20250320_194920_V06']"
94978,F,GLF4,MKE UA /OV MKE/TM 1954/FL260/TP GLF4/TB MOD CHOP 290-260,MOD CHOP 290-260,202503201900-KMSC-UBUS01-PIREP,26000.0,42.94721,-87.89673,2025-03-20 19:54:00,3.0,M,"('KMKX', 'KLOT', 'KGRB', 'KGRR', 'KIWX')","['s3://noaa-nexrad-level2/2025/03/20/KMKX/KMKX20250320_195031_V06', 's3://noaa-nexrad-level2/2025/03/20/KLOT/KLOT20250320_194730_V06', 's3://noaa-nexrad-level2/2025/03/20/KGRB/KGRB20250320_195239_V06', 's3://noaa-nexrad-level2/2025/03/20/KGRR/KGRR20250320_194620_V06', 's3://noaa-nexrad-level2/2025/03/20/KIWX/KIWX20250320_194906_V06']"
94979,F,P28A,BDL UA /OV BDL200012/TM 1955/FL040/TP P28A/SK TOPS 030/WX VMC/TA 12/TB NEG/IC NEG,NEG,202503201900-KMSC-UBUS01-PIREP,4000.0,41.750146252807134,-72.77446474970742,2025-03-20 19:55:00,0.0,L,"('KOKX', 'KENX', 'KBOX', 'KDIX', 'KCXX')","['s3://noaa-nexrad-level2/2025/03/20/KOKX/KOKX20250320_195305_V06', 's3://noaa-nexrad-level2/2025/03/20/KENX/KENX20250320_194928_V06', 's3://noaa-nexrad-level2/2025/03/20/KBOX/KBOX20250320_195309_V06', 's3://noaa-nexrad-level2/2025/03/20/KDIX/KDIX20250320_195054_V06', 's3://noaa-nexrad-level2/2025/03/20/KCXX/KCXX20250320_195016_V06']"
94980,F,C525,TUL UA /OV TUL/TM 1955/FL290/TP C525/TB LGT-MOD/RM ZKC FDC,LGT-MOD,202503202000-KMSC-UBUS01-PIREP,29000.0,36.19839,-95.88811,2025-03-20 19:55:00,2.0,L,"('KINX', 'KTLX', 'KSRX', 'KOUN', 'KICT')","['s3://noaa-nexrad-level2/2025/03/20/KINX/KINX20250320_195039_V06', 's3://noaa-nexrad-level2/2025/03/20/KTLX/KTLX20250320_194817_V06', 's3://noaa-nexrad-level2/2025/03/20/KSRX/KSRX20250320_194804_V06', 's3://noaa-nexrad-level2/2025/03/20/KICT/KICT20250320_195015_V06']"
94981,F,P28A,BXK UA /OV KDVT-E63 /TM 1956 /FL065 /TP P28A /TB NEG BLO 065 /RM DURD,NEG BLO 065,202503201900-KMSC-UBUS01-PIREP,6500.0,33.324155000000005,-112.37628,2025-03-20 19:56:00,0.0,L,"('KIWA', 'KFSX', 'KFSX', 'KEMX', 'KYUX')","['s3://noaa-nexrad-level2/2025/03/20/KIWA/KIWA20250320_195547_V06', 's3://noaa-nexrad-level2/2025/03/20/KFSX/KFSX20250320_194830_V06', 's3://noaa-nexrad-level2/2025/03/20/KFSX/KFSX20250320_194830_V06', 's3://noaa-nexrad-level2/2025/03/20/KEMX/KEMX20250320_194952_V06', 's3://noaa-nexrad-level2/2025/03/20/KYUX/KYUX20250320_195331_V06']"
94982,F,A321,BHM UA /OV VUZ/TM 1956/FL350/TP A321/TB NEG/RM ZTLFD02,NEG,202503202000-KMSC-UBUS01-PIREP,35000.0,33.67,-86.9,2025-03-20 19:56:00,0.0,M,"('KBMX', 'KGWX', 'KHTX', 'KMXX', 'KFFC')","['s3://noaa-nexrad-level2/2025/03/20/KBMX/KBMX20250320_195408_V06', 's3://noaa-nexrad-level2/2025/03/20/KGWX/KGWX20250320_195013_V06', 's3://noaa-nexrad-level2/2025/03/20/KHTX/KHTX20250320_195505_V06', 's3://noaa-nexrad-level2/2025/03/20/KMXX/KMXX20250320_195423_V06', 's3://noaa-nexrad-level2/2025/03/20/KFFC/KFFC20250320_195301_V06']"
94983,F,A321,DLL UA /OV DLL/TM 1958/FL340/TP A321/TB CONS LGT OCNL MOD,CONS LGT OCNL MOD,202503202000-KMSC-UBUS01-PIREP,34000.0,43.522,-89.771,2025-03-20 19:58:00,2.0,M,"('KMKX', 'KARX', 'KGRB', 'KDVN', 'KLOT')","['s3://noaa-nexrad-level2/2025/03/20/KMKX/KMKX20250320_195714_V06', 's3://noaa-nexrad-level2/2025/03/20/KARX/KARX20250320_195114_V06', 's3://noaa-nexrad-level2/2025/03/20/KGRB/KGRB20250320_195239_V06', 's3://noaa-nexrad-level2/2025/03/20/KDVN/KDVN20250320_195717_V06', 's3://noaa-nexrad-level2/2025/03/20/KLOT/KLOT20250320_195426_V06']"
94984,F,B77L,RQB UA /OV TVC210090/TM 1958/FL260/TP B77L/TB MOD 260-290/RM DURC ORD,MOD 260-290,202503202000-KMSC-UBUS01-PIREP,26000.0,43.442496672131554,-86.63835510969452,2025-03-20 19:58:00,3.0,U,"('KGRR', 'KGRB', 'KMKX', 'KIWX', 'KLOT')","['s3://noaa-nexrad-level2/2025/03/20/KGRR/KGRR20250320_195437_V06', 's3://noaa-nexrad-level2/2025/03/20/KGRB/KGRB20250320_195239_V06', 's3://noaa-nexrad-level2/2025/03/20/KMKX/KMKX20250320_195714_V06', 's3://noaa-nexrad-level2/2025/03/20/KIWX/KIWX20250320_195735_V06', 's3://noaa-nexrad-level2/2025/03/20/KLOT/KLOT20250320_195426_V06']"
94985,F,GLEX,FAI UA /OV FAI107041/TM 1958/FL350/TP GLEX/TB NEG/IC NEG/RM DURC /ZAN/,NEG,202503202000-KMSC-UBUS01-PIREP,35000.0,64.61019648564942,-146.31453231685154,2025-03-20 19:58:00,0.0,M,"('PAPD', 'PAIH', 'PAIH', 'PAHG', 'PAKC')","['s3://noaa-nexrad-level2/2025/03/20/PAPD/PAPD20250320_195237_V06', 's3://noaa-nexrad-level2/2025/03/20/PAIH/PAIH20250320_195224_V06', 's3://noaa-nexrad-level2/2025/03/20/PAIH/PAIH20250320_195224_V06', 's3://noaa-nexrad-level2/2025/03/20/PAHG/PAHG20250320_195411_V06', 's3://noaa-nexrad-level2/2025/03/20/PAKC/PAKC20250320_195623_V06']"
94986,T,M20P,GEV UUA /OV BZM090002/TM 1959/FL040/TP M20P/TB SEV/RM ZTLFD45,SEV,202503202000-KMSC-UBUS01-PIREP,4000.0,35.87,-81.19886210544499,2025-03-20 19:59:00,5.0,L,"('KGSP', 'KFCX', 'KCAE', 'KMRX', 'KRLX')","['s3://noaa-nexrad-level2/2025/03/20/KGSP/KGSP20250320_195509_V06', 's3://noaa-nexrad-level2/2025/03/20/KFCX/KFCX20250320_195518_V06', 's3://noaa-nexrad-level2/2025/03/20/KCAE/KCAE20250320_195639_V06', 's3://noaa-nexrad-level2/2025/03/20/KMRX/KMRX20250320_195804_V06', 's3://noaa-nexrad-level2/2025/03/20/KRLX/KRLX20250320_195739_V06']"
94987,F,CL35,LSF UA /OV EUF/TM 1959/FL450/TP CL35/TB NEG/RM ZTLFD08,NEG,202503202000-KMSC-UBUS01-PIREP,45000.0,31.9513,-85.1289,2025-03-20 19:59:00,0.0,U,"('KEOX', 'KMXX', 'KFFC', 'KEVX', 'KTLH')","['s3://noaa-nexrad-level2/2025/03/20/KEOX/KEOX20250320_143812_V06', 's3://noaa-nexrad-level2/2025/03/20/KMXX/KMXX20250320_195423_V06', 's3://noaa-nexrad-level2/2025/03/20/KFFC/KFFC20250320_195301_V06', 's3://noaa-nexrad-level2/2025/03/20/KEVX/KEVX20250320_195814_V06', 's3://noaa-nexrad-level2/2025/03/20/KTLH/KTLH20250320_195421_V06']"
94988,F,B738,W99 UA /OV ESL090010/TM 1959/FL230/TP B738/TB MOD/RM FL230-080,MOD,202503202000-KMSC-UBUS01-PIREP,23000.0,39.23,-78.77482149245623,2025-03-20 19:59:00,3.0,M,"('KLWX', 'KCCX', 'KPBZ', 'KFCX', 'KAKQ')","['s3://noaa-nexrad-level2/2025/03/20/KLWX/KLWX20250320_195458_V06', 's3://noaa-nexrad-level2/2025/03/20/KCCX/KCCX20250320_195602_V06', 's3://noaa-nexrad-level2/2025/03/20/KPBZ/KPBZ20250320_195632_V06', 's3://noaa-nexrad-level2/2025/03/20/KFCX/KFCX20250320_195518_V06', 's3://noaa-nexrad-level2/2025/03/20/KAKQ/KAKQ20250320_195717_V06']"
94989,F,MULTI,ARG UA /OV ARG045030/TM 2000/FL070/TP MULTI/TB CONS MOD CHOP 070-075/RM ZME,CONS MOD CHOP 070-075,202503202000-KMSC-UBUS01-PIREP,7000.0,36.47825202844656,-90.48736551767502,2025-03-20 20:00:00,3.0,U,"('KNQA', 'KPAH', 'KLSX', 'KLZK', 'KSGF')","['s3://noaa-nexrad-level2/2025/03/20/KNQA/KNQA20250320_195530_V06', 's3://noaa-nexrad-level2/2025/03/20/KPAH/KPAH20250320_195521_V06', 's3://noaa-nexrad-level2/2025/03/20/KLSX/KLSX20250320_195619_V06', 's3://noaa-nexrad-level2/2025/03/20/KLZK/KLZK20250320_195609_V06', 's3://noaa-nexrad-level2/2025/03/20/KSGF/KSGF20250320_195712_V06']"
94990,F,B737,MGM UA /OV MGM/TM 2000/FL380/TP B737/TB NEG/RM ZTLFD08,NEG,202503202000-KMSC-UBUS01-PIREP,38000.0,32.30064,-86.39397,2025-03-20 20:00:00,0.0,M,"('KMXX', 'KBMX', 'KEOX', 'KEVX', 'KFFC')","['s3://noaa-nexrad-level2/2025/03/20/KMXX/KMXX20250320_195423_V06', 's3://noaa-nexrad-level2/2025/03/20/KBMX/KBMX20250320_195408_V06', 's3://noaa-nexrad-level2/2025/03/20/KEOX/KEOX20250320_143812_V06', 's3://noaa-nexrad-level2/2025/03/20/KEVX/KEVX20250320_195814_V06', 's3://noaa-nexrad-level2/2025/03/20/KFFC/KFFC20250320_195944_V06']"
94991,F,B737,SPA UA /OV SPA/TM 2000/FL280/TP B737/TB NEG/RM ZTLFD32,NEG,202503202000-KMSC-UBUS01-PIREP,28000.0,34.9157222,-81.9565,2025-03-20 20:00:00,0.0,M,"('KGSP', 'KCAE', 'KMRX', 'KCLX', 'KJGX')","['s3://noaa-nexrad-level2/2025/03/20/KGSP/KGSP20250320_195509_V06', 's3://noaa-nexrad-level2/2025/03/20/KCAE/KCAE20250320_195639_V06', 's3://noaa-nexrad-level2/2025/03/20/KMRX/KMRX20250320_195804_V06', 's3://noaa-nexrad-level2/2025/03/20/KCLX/KCLX20250320_195516_V06', 's3://noaa-nexrad-level2/2025/03/20/KJGX/KJGX20250320_195739_V06']"
94992,F,B190,OME UA /OV OME/TM 2000/FL125/TP B190/TB NEG/IC NEG/RM DURC VFR /ZAN/,NEG,202503202000-KMSC-UBUS01-PIREP,12500.0,64.51,-165.44,2025-03-20 20:00:00,0.0,M,"('PAEC', 'PABC', 'PAKC', 'PAHG', 'PAPD')","['s3://noaa-nexrad-level2/2025/03/20/PAEC/PAEC20250320_195917_V06', 's3://noaa-nexrad-level2/2025/03/20/PAKC/PAKC20250320_195623_V06', 's3://noaa-nexrad-level2/2025/03/20/PAHG/PAHG20250320_195411_V06', 's3://noaa-nexrad-level2/2025/03/20/PAPD/PAPD20250320_195941_V06']"
94993,F,CRJ9,CLT UA /OV CLT180020/TM 2000/FL190/TP CRJ9/TB NEG/IC NEG/RM DURC ZTLFD29,NEG,202503202000-KMSC-UBUS01-PIREP,19000.0,34.889189666639666,-80.95431,2025-03-20 20:00:00,0.0,U,"('KCAE', 'KGSP', 'KCLX', 'KFCX', 'KRAX')","['s3://noaa-nexrad-level2/2025/03/20/KCAE/KCAE20250320_195639_V06', 's3://noaa-nexrad-level2/2025/03/20/KGSP/KGSP20250320_195509_V06', 's3://noaa-nexrad-level2/2025/03/20/KCLX/KCLX20250320_195516_V06', 's3://noaa-nexrad-level2/2025/03/20/KFCX/KFCX20250320_195518_V06', 's3://noaa-nexrad-level2/2025/03/20/KRAX/KRAX20250320_195836_V06']"
94994,F,C421,I16 UA /OV I16/TM 2000/FL120/TP C421/SK SKC /TB NEG,NEG,202503202000-KMSC-UBUS01-PIREP,12000.0,37.6,-81.56,2025-03-20 20:00:00,0.0,L,"('KRLX', 'KFCX', 'KJKL', 'KMRX', 'KGSP')","['s3://noaa-nexrad-level2/2025/03/20/KRLX/KRLX20250320_195739_V06', 's3://noaa-nexrad-level2/2025/03/20/KFCX/KFCX20250320_195518_V06', 's3://noaa-nexrad-level2/2025/03/20/KJKL/KJKL20250320_195753_V06', 's3://noaa-nexrad-level2/2025/03/20/KMRX/KMRX20250320_195804_V06', 's3://noaa-nexrad-level2/2025/03/20/KGSP/KGSP20250320_195509_V06']"
94995,F,A321,ZZV UA /OV ZZV/TM 2000/FL350/TP A321/TB LGT CHOP,LGT CHOP,202503202000-KMSC-UBUS01-PIREP,35000.0,39.94445,-81.89209,2025-03-20 20:00:00,1.0,M,"('KCLE', 'KRLX', 'KPBZ', 'KILN', 'KJKL')","['s3://noaa-nexrad-level2/2025/03/20/KCLE/KCLE20250320_195739_V06', 's3://noaa-nexrad-level2/2025/03/20/KRLX/KRLX20250320_195739_V06', 's3://noaa-nexrad-level2/2025/03/20/KPBZ/KPBZ20250320_195632_V06', 's3://noaa-nexrad-level2/2025/03/20/KILN/KILN20250320_195822_V06', 's3://noaa-nexrad-level2/2025/03/20/KJKL/KJKL20250320_195753_V06']"
94996,F,A320,CMI UA /OV CMI/TM 2001/FL340/TP A320/TB NEG,NEG,202503202000-KMSC-UBUS01-PIREP,34000.0,40.0324,-88.2755,2025-03-20 20:01:00,0.0,M,"('KILX', 'KLOT', 'KVWX', 'KIND', 'KLSX')","['s3://noaa-nexrad-level2/2025/03/20/KILX/KILX20250320_195611_V06', 's3://noaa-nexrad-level2/2025/03/20/KLOT/KLOT20250320_195426_V06', 's3://noaa-nexrad-level2/2025/03/20/KVWX/KVWX20250320_195536_V06', 's3://noaa-nexrad-level2/2025/03/20/KIND/KIND20250320_195759_V06', 's3://noaa-nexrad-level2/2025/03/20/KLSX/KLSX20250320_195619_V06']"
94997,F,B737,LGC UA /OV LGC260030/TM 2001/FL360/TP B737/TB CONS LGT-MOD CHOP/RM ZTLFD02,CONS LGT-MOD CHOP,202503202000-KMSC-UBUS01-PIREP,36000.0,32.922028878408305,-85.65984084257263,2025-03-20 20:01:00,2.0,M,"('KMXX', 'KBMX', 'KFFC', 'KEOX', 'KHTX')","['s3://noaa-nexrad-level2/2025/03/20/KMXX/KMXX20250320_195423_V06', 's3://noaa-nexrad-level2/2025/03/20/KBMX/KBMX20250320_195408_V06', 's3://noaa-nexrad-level2/2025/03/20/KFFC/KFFC20250320_195944_V06', 's3://noaa-nexrad-level2/2025/03/20/KEOX/KEOX20250320_143812_V06', 's3://noaa-nexrad-level2/2025/03/20/KHTX/KHTX20250320_195937_V06']"
94998,F,E190,SPA UA /OV SPA/TM 2001/FL330/TP E190/TB NEG/RM ZTLFD32,NEG,202503202000-KMSC-UBUS01-PIREP,33000.0,34.9157222,-81.9565,2025-03-20 20:01:00,0.0,U,"('KGSP', 'KCAE', 'KMRX', 'KCLX', 'KJGX')","['s3://noaa-nexrad-level2/2025/03/20/KGSP/KGSP20250320_200031_V06', 's3://noaa-nexrad-level2/2025/03/20/KCAE/KCAE20250320_195639_V06', 's3://noaa-nexrad-level2/2025/03/20/KMRX/KMRX20250320_195804_V06', 's3://noaa-nexrad-level2/2025/03/20/KCLX/KCLX20250320_200029_V06', 's3://noaa-nexrad-level2/2025/03/20/KJGX/KJGX20250320_195739_V06']"
94999,F,C680,HKY UA /OV HMV150015/TM 2001/FL230/TP C680/TB MOD CAT 230/RM ZTLFD44,MOD CAT 230,202503202000-KMSC-UBUS01-PIREP,23000.0,36.22347611202193,-81.97460740952035,2025-03-20 20:01:00,3.0,U,"('KGSP', 'KMRX', 'KFCX', 'KJKL', 'KRLX')","['s3://noaa-nexrad-level2/2025/03/20/KGSP/KGSP20250320_200031_V06', 's3://noaa-nexrad-level2/2025/03/20/KMRX/KMRX20250320_195804_V06', 's3://noaa-nexrad-level2/2025/03/20/KFCX/KFCX20250320_200001_V06', 's3://noaa-nexrad-level2/2025/03/20/KJKL/KJKL20250320_195753_V06', 's3://noaa-nexrad-level2/2025/03/20/KRLX/KRLX20250320_195739_V06']"
95000,F,B737,DHT UA /OV DHT040050/TM 2002/FL380/TP B737/TB LGT CONS CHOP/RM ZAB/FDCS,LGT CONS CHOP,202503202000-KMSC-UBUS01-PIREP,38000.0,36.66101207731744,-101.88492893419262,2025-03-20 20:02:00,1.0,M,"('KAMA', 'KDDC', 'KFDX', 'KGLD', 'KPUX')","['s3://noaa-nexrad-level2/2025/03/20/KAMA/KAMA20250320_195828_V06', 's3://noaa-nexrad-level2/2025/03/20/KDDC/KDDC20250320_195514_V06', 's3://noaa-nexrad-level2/2025/03/20/KFDX/KFDX20250320_195941_V06', 's3://noaa-nexrad-level2/2025/03/20/KGLD/KGLD20250320_195559_V06', 's3://noaa-nexrad-level2/2025/03/20/KPUX/KPUX20250320_195603_V06']"
95001,F,CRJ7,DTW UA /OV DXO086011/TM 2002/FL076/TP CRJ7/WX IMC/TB LGT CHOP,LGT CHOP,202503202000-KMSC-UBUS01-PIREP,7600.0,42.22278972273776,-83.12306509964002,2025-03-20 20:02:00,1.0,M,"('KDTX', 'KCLE', 'KGRR', 'KIWX', 'KILN')","['s3://noaa-nexrad-level2/2025/03/20/KDTX/KDTX20250320_195834_V06', 's3://noaa-nexrad-level2/2025/03/20/KCLE/KCLE20250320_195739_V06', 's3://noaa-nexrad-level2/2025/03/20/KGRR/KGRR20250320_195437_V06', 's3://noaa-nexrad-level2/2025/03/20/KIWX/KIWX20250320_195735_V06', 's3://noaa-nexrad-level2/2025/03/20/KILN/KILN20250320_195822_V06']"
95002,F,A320,GSO UA /OV GSO/TM 2002/FL340/TP A320/TB CONS LGT CHOP 340/RM ZTLFD33,CONS LGT CHOP 340,202503202000-KMSC-UBUS01-PIREP,34000.0,36.0975,-79.94361,2025-03-20 20:02:00,1.0,M,"('KFCX', 'KRAX', 'KCAE', 'KGSP', 'KLTX')","['s3://noaa-nexrad-level2/2025/03/20/KFCX/KFCX20250320_200001_V06', 's3://noaa-nexrad-level2/2025/03/20/KRAX/KRAX20250320_195836_V06', 's3://noaa-nexrad-level2/2025/03/20/KCAE/KCAE20250320_200115_V06', 's3://noaa-nexrad-level2/2025/03/20/KGSP/KGSP20250320_200031_V06', 's3://noaa-nexrad-level2/2025/03/20/KLTX/KLTX20250320_200129_V06']"
95003,F,B737,AMA UA /OV DHT040050/TM 2002/FL380/TP B737/TB LGT CONS CHOP/RM ZAB/FDCS,LGT CONS CHOP,202503202300-KMSC-UBUS01-PIREP,38000.0,36.66101207731744,-101.88492893419262,2025-03-20 20:02:00,1.0,M,"('KAMA', 'KDDC', 'KFDX', 'KGLD', 'KPUX')","['s3://noaa-nexrad-level2/2025/03/20/KAMA/KAMA20250320_195828_V06', 's3://noaa-nexrad-level2/2025/03/20/KDDC/KDDC20250320_195514_V06', 's3://noaa-nexrad-level2/2025/03/20/KFDX/KFDX20250320_195941_V06', 's3://noaa-nexrad-level2/2025/03/20/KGLD/KGLD20250320_195559_V06', 's3://noaa-nexrad-level2/2025/03/20/KPUX/KPUX20250320_195603_V06']"
95004,F,B737,DEN UA /OV DEN360001/TM 2003/FL058/TP B737/TB NEG/RM DURD RY16R DEN,NEG,202503202000-KMSC-UBUS01-PIREP,5800.0,39.84946801666801,-104.6575,2025-03-20 20:03:00,0.0,M,"('KFTG', 'KCYS', 'KPUX', 'KGLD', 'KGJX')","['s3://noaa-nexrad-level2/2025/03/20/KFTG/KFTG20250320_195911_V06', 's3://noaa-nexrad-level2/2025/03/20/KCYS/KCYS20250320_195958_V06', 's3://noaa-nexrad-level2/2025/03/20/KPUX/KPUX20250320_195603_V06', 's3://noaa-nexrad-level2/2025/03/20/KGLD/KGLD20250320_195559_V06', 's3://noaa-nexrad-level2/2025/03/20/KGJX/KGJX20250320_195832_V06']"
95005,F,B737,EUG UA /OV EUG/TM 2003/FL040/TP B737/TB LGT CHOP FL360-040 DURD,LGT CHOP FL360-040 DURD,202503202000-KMSC-UBUS01-PIREP,4000.0,44.12458,-123.21197,2025-03-20 20:03:00,1.0,M,"('KRTX', 'KMAX', 'KLGX', 'KBHX', 'KATX')","['s3://noaa-nexrad-level2/2025/03/20/KRTX/KRTX20250320_195821_V06', 's3://noaa-nexrad-level2/2025/03/20/KMAX/KMAX20250320_195645_V06', 's3://noaa-nexrad-level2/2025/03/20/KLGX/KLGX20250320_200131_V06', 's3://noaa-nexrad-level2/2025/03/20/KBHX/KBHX20250320_200142_V06', 's3://noaa-nexrad-level2/2025/03/20/KATX/KATX20250320_195850_V06']"
95006,F,EVOT,ATL UA /OV DYA/TM 2004/FL230/TP EVOT/TB MOD/RM ZTLFD13,MOD,202503202000-KMSC-UBUS01-PIREP,23000.0,32.4638,-87.9541,2025-03-20 20:04:00,3.0,U,"('KBMX', 'KGWX', 'KMOB', 'KDGX', 'KMXX')","['s3://noaa-nexrad-level2/2025/03/20/KBMX/KBMX20250320_195408_V06', 's3://noaa-nexrad-level2/2025/03/20/KGWX/KGWX20250320_195720_V06', 's3://noaa-nexrad-level2/2025/03/20/KMOB/KMOB20250320_195843_V06', 's3://noaa-nexrad-level2/2025/03/20/KDGX/KDGX20250320_200257_V06', 's3://noaa-nexrad-level2/2025/03/20/KMXX/KMXX20250320_200120_V06']"
95007,T,B712,GSO UUA /OV GSO290040/TM 2004/FL110/TP B712/TB OCC SEV TURBULENCE 150-110,OCC SEV TURBULENCE 150-110,202503202000-KMSC-UBUS01-PIREP,11000.0,36.32553189798998,-80.71898178378966,2025-03-20 20:04:00,5.0,M,"('KFCX', 'KGSP', 'KRLX', 'KRAX', 'KCAE')","['s3://noaa-nexrad-level2/2025/03/20/KFCX/KFCX20250320_200001_V06', 's3://noaa-nexrad-level2/2025/03/20/KGSP/KGSP20250320_200031_V06', 's3://noaa-nexrad-level2/2025/03/20/KRLX/KRLX20250320_195739_V06', 's3://noaa-nexrad-level2/2025/03/20/KRAX/KRAX20250320_195836_V06', 's3://noaa-nexrad-level2/2025/03/20/KCAE/KCAE20250320_200115_V06']"
95008,F,CRJ9,ATL UA /OV 20 E SCD/TM 2004/FL230/TP CRJ9/TB MOD CHOP 230/RM DURD TO 180 ZTLFD09,MOD CHOP 230,202503202000-KMSC-UBUS01-PIREP,23000.0,33.1718,-85.907236073406,2025-03-20 20:04:00,3.0,U,"('KMXX', 'KBMX', 'KFFC', 'KHTX', 'KEOX')","['s3://noaa-nexrad-level2/2025/03/20/KMXX/KMXX20250320_200120_V06', 's3://noaa-nexrad-level2/2025/03/20/KBMX/KBMX20250320_195408_V06', 's3://noaa-nexrad-level2/2025/03/20/KFFC/KFFC20250320_195944_V06', 's3://noaa-nexrad-level2/2025/03/20/KHTX/KHTX20250320_195937_V06', 's3://noaa-nexrad-level2/2025/03/20/KEOX/KEOX20250320_143812_V06']"
95009,F,C700,BDL UA /OV ORH240015/TM 2005/FL050/TP C700/SK CLR/WX VMC/TB NEG,NEG,202503202000-KMSC-UBUS01-PIREP,5000.0,42.14232987498987,-72.16830407248044,2025-03-20 20:05:00,0.0,U,"('KBOX', 'KOKX', 'KENX', 'KCXX', 'KGYX')","['s3://noaa-nexrad-level2/2025/03/20/KBOX/KBOX20250320_200012_V06', 's3://noaa-nexrad-level2/2025/03/20/KOKX/KOKX20250320_200146_V06', 's3://noaa-nexrad-level2/2025/03/20/KENX/KENX20250320_200309_V06', 's3://noaa-nexrad-level2/2025/03/20/KCXX/KCXX20250320_200337_V06', 's3://noaa-nexrad-level2/2025/03/20/KGYX/KGYX20250320_200045_V06']"
95010,F,PC12,DTW UA /OV DXO/TM 2005/FL040/TP PC12/WX IMC/TA M06/TB LGT/IC NEG,LGT,202503202000-KMSC-UBUS01-PIREP,4000.0,42.21,-83.37,2025-03-20 20:05:00,1.0,L,"('KDTX', 'KCLE', 'KGRR', 'KIWX', 'KILN')","['s3://noaa-nexrad-level2/2025/03/20/KDTX/KDTX20250320_195834_V06', 's3://noaa-nexrad-level2/2025/03/20/KCLE/KCLE20250320_200233_V06', 's3://noaa-nexrad-level2/2025/03/20/KGRR/KGRR20250320_200256_V06', 's3://noaa-nexrad-level2/2025/03/20/KIWX/KIWX20250320_195735_V06', 's3://noaa-nexrad-level2/2025/03/20/KILN/KILN20250320_200408_V06']"
95011,F,B738,ILM UA /OV ILM200190/TM 2005/FL370/TP B738/TB NEG,NEG,202503202000-KMSC-UBUS01-PIREP,37000.0,31.29406566944636,-79.21069744930792,2025-03-20 20:05:00,0.0,M,"('KCLX', 'KJAX', 'KLTX', 'KCAE', 'KMLB')","['s3://noaa-nexrad-level2/2025/03/20/KCLX/KCLX20250320_200029_V06', 's3://noaa-nexrad-level2/2025/03/20/KJAX/KJAX20250320_200229_V06', 's3://noaa-nexrad-level2/2025/03/20/KLTX/KLTX20250320_200129_V06', 's3://noaa-nexrad-level2/2025/03/20/KCAE/KCAE20250320_200115_V06', 's3://noaa-nexrad-level2/2025/03/20/KMLB/KMLB20250320_195958_V06']"
95012,T,CRJ9,ALB UUA /OV ALB010005/TM 2006/FL005/TP CRJ9/TB LGT /RM +-10 KTS FINAL RY 19,LGT,202503202000-KMSC-UBUS01-PIREP,500.0,42.83964396021,-73.78389983011112,2025-03-20 20:06:00,1.0,U,"('KENX', 'KCXX', 'KTYX', 'KOKX', 'KBGM')","['s3://noaa-nexrad-level2/2025/03/20/KENX/KENX20250320_200309_V06', 's3://noaa-nexrad-level2/2025/03/20/KCXX/KCXX20250320_200337_V06', 's3://noaa-nexrad-level2/2025/03/20/KTYX/KTYX20250320_200345_V06', 's3://noaa-nexrad-level2/2025/03/20/KOKX/KOKX20250320_200146_V06', 's3://noaa-nexrad-level2/2025/03/20/KBGM/KBGM20250320_200518_V06']"
95013,F,C70,LUG UA /OV LUG/TM 2006/FL080/TP C70/SK TOP065/TB NEG/IC NEG/RM ZME,NEG,202503202000-KMSC-UBUS01-PIREP,8000.0,35.5136,-86.803,2025-03-20 20:06:00,0.0,U,"('KOHX', 'KHTX', 'KHPX', 'KGWX', 'KBMX')","['s3://noaa-nexrad-level2/2025/03/20/KOHX/KOHX20250320_195749_V06', 's3://noaa-nexrad-level2/2025/03/20/KHTX/KHTX20250320_200409_V06', 's3://noaa-nexrad-level2/2025/03/20/KHPX/KHPX20250320_200053_V06', 's3://noaa-nexrad-level2/2025/03/20/KGWX/KGWX20250320_200427_V06', 's3://noaa-nexrad-level2/2025/03/20/KBMX/KBMX20250320_200403_V06']"
95014,F,E145,OKC UA /OV IRW175035/TM 2006/FL360/TP E145/TB CONS LGT 360/RM ZFW,CONS LGT 360,202503202000-KMSC-UBUS01-PIREP,36000.0,34.778839355866594,-97.54765423389196,2025-03-20 20:06:00,1.0,M,"('KOUN', 'KTLX', 'KFDR', 'KVNX', 'KFWS')","['s3://noaa-nexrad-level2/2025/03/20/KTLX/KTLX20250320_200204_V06', 's3://noaa-nexrad-level2/2025/03/20/KFDR/KFDR20250320_200420_V06', 's3://noaa-nexrad-level2/2025/03/20/KVNX/KVNX20250320_200303_V06', 's3://noaa-nexrad-level2/2025/03/20/KFWS/KFWS20250320_200215_V06']"
95015,F,B737,PUC UA /OV PUC305032/TM 2006/FL220/TP B737/TB MOD CHOP /IC LGT UNKN /ZLC,MOD CHOP,202503202000-KMSC-UBUS01-PIREP,22000.0,39.91510221124739,-111.32184112831489,2025-03-20 20:06:00,3.0,M,"('KMTX', 'KICX', 'KGJX', 'KSFX', 'KRIW')","['s3://noaa-nexrad-level2/2025/03/20/KMTX/KMTX20250320_200432_V06', 's3://noaa-nexrad-level2/2025/03/20/KICX/KICX20250320_200528_V06', 's3://noaa-nexrad-level2/2025/03/20/KGJX/KGJX20250320_200524_V06', 's3://noaa-nexrad-level2/2025/03/20/KSFX/KSFX20250320_200447_V06', 's3://noaa-nexrad-level2/2025/03/20/KRIW/KRIW20250320_200007_V06']"
95016,F,E73S,JLN UA /OV EOS/TM 2006/FL300/TP E73S/TB LGT-MOD/RM ZKC FDC,LGT-MOD,202503202000-KMSC-UBUS01-PIREP,30000.0,36.81,-94.39,2025-03-20 20:06:00,2.0,U,"('KSGF', 'KINX', 'KSRX', 'KEAX', 'KTWX')","['s3://noaa-nexrad-level2/2025/03/20/KSGF/KSGF20250320_200547_V06', 's3://noaa-nexrad-level2/2025/03/20/KINX/KINX20250320_195902_V06', 's3://noaa-nexrad-level2/2025/03/20/KSRX/KSRX20250320_200456_V06', 's3://noaa-nexrad-level2/2025/03/20/KEAX/KEAX20250320_141950_V06', 's3://noaa-nexrad-level2/2025/03/20/KTWX/KTWX20250320_195919_V06']"
95017,T,B712,GEV UUA /OV BZM067031/TM 2007/FL150/TP B712/TB OCNL SEV 150-110/RM DURD ZTLFD44,OCNL SEV 150-110,202503202000-KMSC-UBUS01-PIREP,15000.0,36.071894101833536,-80.65305171022015,2025-03-20 20:07:00,5.0,M,"('KFCX', 'KGSP', 'KCAE', 'KRAX', 'KRLX')","['s3://noaa-nexrad-level2/2025/03/20/KFCX/KFCX20250320_200445_V06', 's3://noaa-nexrad-level2/2025/03/20/KGSP/KGSP20250320_200553_V06', 's3://noaa-nexrad-level2/2025/03/20/KCAE/KCAE20250320_200551_V06', 's3://noaa-nexrad-level2/2025/03/20/KRAX/KRAX20250320_200450_V06', 's3://noaa-nexrad-level2/2025/03/20/KRLX/KRLX20250320_200437_V06']"
95018,F,CRJ9,AHN UA /OV AHN265027/TM 2007/FL210/TP CRJ9/TB CONS LGT CHOP 160-210/RM ZTLFD21,CONS LGT CHOP 160-210,202503202000-KMSC-UBUS01-PIREP,21000.0,33.90937673893355,-83.86679955656058,2025-03-20 20:07:00,1.0,U,"('KFFC', 'KJGX', 'KGSP', 'KMRX', 'KMXX')","['s3://noaa-nexrad-level2/2025/03/20/KFFC/KFFC20250320_200639_V06', 's3://noaa-nexrad-level2/2025/03/20/KJGX/KJGX20250320_200422_V06', 's3://noaa-nexrad-level2/2025/03/20/KGSP/KGSP20250320_200553_V06', 's3://noaa-nexrad-level2/2025/03/20/KMRX/KMRX20250320_200506_V06', 's3://noaa-nexrad-level2/2025/03/20/KMXX/KMXX20250320_200120_V06']"
95019,F,C550,CHO UA /OV CHO/TM 2008/FL080/TP C550/TB MOD,MOD,202503202000-KMSC-UBUS01-PIREP,8000.0,38.13864,-78.45286,2025-03-20 20:08:00,3.0,L,"('KLWX', 'KAKQ', 'KFCX', 'KRAX', 'KCCX')","['s3://noaa-nexrad-level2/2025/03/20/KLWX/KLWX20250320_200402_V06', 's3://noaa-nexrad-level2/2025/03/20/KAKQ/KAKQ20250320_200232_V06', 's3://noaa-nexrad-level2/2025/03/20/KFCX/KFCX20250320_200445_V06', 's3://noaa-nexrad-level2/2025/03/20/KRAX/KRAX20250320_200450_V06', 's3://noaa-nexrad-level2/2025/03/20/KCCX/KCCX20250320_200615_V06']"
95020,F,B738,GAD UA /OV GAD360020/TM 2009/FL230/TP B738/TB LGT CHOP/RM DURD ZTLFD05,LGT CHOP,202503202000-KMSC-UBUS01-PIREP,23000.0,34.306010333360334,-86.08908,2025-03-20 20:09:00,1.0,M,"('KHTX', 'KBMX', 'KFFC', 'KMXX', 'KOHX')","['s3://noaa-nexrad-level2/2025/03/20/KHTX/KHTX20250320_200847_V06', 's3://noaa-nexrad-level2/2025/03/20/KBMX/KBMX20250320_200403_V06', 's3://noaa-nexrad-level2/2025/03/20/KFFC/KFFC20250320_200639_V06', 's3://noaa-nexrad-level2/2025/03/20/KMXX/KMXX20250320_200816_V06', 's3://noaa-nexrad-level2/2025/03/20/KOHX/KOHX20250320_200629_V06']"
95021,F,CRJ7,RMG UA /OV RMG/TM 2009/FL340/TP CRJ7/TB NEG CHOP 340/RM ZTLFD06,NEG CHOP 340,202503202000-KMSC-UBUS01-PIREP,34000.0,34.34778,-85.16111,2025-03-20 20:09:00,0.0,M,"('KHTX', 'KFFC', 'KMXX', 'KBMX', 'KOHX')","['s3://noaa-nexrad-level2/2025/03/20/KHTX/KHTX20250320_200847_V06', 's3://noaa-nexrad-level2/2025/03/20/KFFC/KFFC20250320_200639_V06', 's3://noaa-nexrad-level2/2025/03/20/KMXX/KMXX20250320_200816_V06', 's3://noaa-nexrad-level2/2025/03/20/KBMX/KBMX20250320_200403_V06', 's3://noaa-nexrad-level2/2025/03/20/KOHX/KOHX20250320_200629_V06']"
95022,F,AA5,OXR UA /OV KRNM-KOXR /TM 2010 /FL105 /TP AA5 /TB OCNL LGT CHOP 105 /RM DURD,OCNL LGT CHOP 105,202503202000-KMSC-UBUS01-PIREP,10500.0,33.61999,-118.061235,2025-03-20 20:10:00,1.0,L,"('KSOX', 'KNKX', 'KVTX', 'KEYX', 'KVBX')","['s3://noaa-nexrad-level2/2025/03/20/KSOX/KSOX20250320_200312_V06', 's3://noaa-nexrad-level2/2025/03/20/KNKX/KNKX20250320_200838_V06', 's3://noaa-nexrad-level2/2025/03/20/KVTX/KVTX20250320_200603_V06', 's3://noaa-nexrad-level2/2025/03/20/KEYX/KEYX20250320_200744_V06', 's3://noaa-nexrad-level2/2025/03/20/KVBX/KVBX20250320_200412_V06']"
95023,F,FA7X,BAF UA /OV BAF120010/TM 2010/FL160/TP FA7X/TB CONS LGT-MOD CHOP,CONS LGT-MOD CHOP,202503202000-KMSC-UBUS01-PIREP,16000.0,42.07443991665992,-72.52138535264345,2025-03-20 20:10:00,2.0,U,"('KOKX', 'KBOX', 'KENX', 'KCXX', 'KDIX')","['s3://noaa-nexrad-level2/2025/03/20/KOKX/KOKX20250320_200146_V06', 's3://noaa-nexrad-level2/2025/03/20/KBOX/KBOX20250320_200659_V06', 's3://noaa-nexrad-level2/2025/03/20/KENX/KENX20250320_200958_V06', 's3://noaa-nexrad-level2/2025/03/20/KCXX/KCXX20250320_200337_V06', 's3://noaa-nexrad-level2/2025/03/20/KDIX/KDIX20250320_200925_V06']"
95024,F,A319,ROC UA /OV ROC220020/TM 2010/FL120/TP A319/TB MOD DURD/IC LGT RIME,MOD DURD,202503202000-KMSC-UBUS01-PIREP,12000.0,42.86133116907303,-77.97024894000629,2025-03-20 20:10:00,3.0,M,"('KBUF', 'KCCX', 'KBGM', 'KTYX', 'KPBZ')","['s3://noaa-nexrad-level2/2025/03/20/KBUF/KBUF20250320_200743_V06', 's3://noaa-nexrad-level2/2025/03/20/KCCX/KCCX20250320_200615_V06', 's3://noaa-nexrad-level2/2025/03/20/KBGM/KBGM20250320_200943_V06', 's3://noaa-nexrad-level2/2025/03/20/KTYX/KTYX20250320_200804_V06', 's3://noaa-nexrad-level2/2025/03/20/KPBZ/KPBZ20250320_200543_V06']"
95025,F,E170,ATL UA /OV ATL/TM 2010/FL340/TP E170/TB LGT CHOP/RM ZTLFD03,LGT CHOP,202503202000-KMSC-UBUS01-PIREP,34000.0,33.6301,-84.4418,2025-03-20 20:10:00,1.0,U,"('KFFC', 'KJGX', 'KMXX', 'KHTX', 'KBMX')","['s3://noaa-nexrad-level2/2025/03/20/KFFC/KFFC20250320_200639_V06', 's3://noaa-nexrad-level2/2025/03/20/KJGX/KJGX20250320_200422_V06', 's3://noaa-nexrad-level2/2025/03/20/KMXX/KMXX20250320_200816_V06', 's3://noaa-nexrad-level2/2025/03/20/KHTX/KHTX20250320_200847_V06', 's3://noaa-nexrad-level2/2025/03/20/KBMX/KBMX20250320_200403_V06']"
95026,F,B712,CBE UA /OV CBE/TM 2011/FL230/TP B712/TB MOD,MOD,202503202000-KMSC-UBUS01-PIREP,23000.0,39.6154167,-78.7608636,2025-03-20 20:11:00,3.0,M,"('KLWX', 'KCCX', 'KPBZ', 'KFCX', 'KAKQ')","['s3://noaa-nexrad-level2/2025/03/20/KLWX/KLWX20250320_200837_V06', 's3://noaa-nexrad-level2/2025/03/20/KCCX/KCCX20250320_200615_V06', 's3://noaa-nexrad-level2/2025/03/20/KPBZ/KPBZ20250320_201019_V06', 's3://noaa-nexrad-level2/2025/03/20/KFCX/KFCX20250320_200916_V06', 's3://noaa-nexrad-level2/2025/03/20/KAKQ/KAKQ20250320_200801_V06']"
95027,F,GL5T,SMQ UA /OV BWZ/TM 2011/FL200/TP GL5T/TB LGT-MOD,LGT-MOD,202503202000-KMSC-UBUS01-PIREP,20000.0,40.8,-74.82,2025-03-20 20:11:00,2.0,U,"('KDIX', 'KBGM', 'KENX', 'KOKX', 'KDOX')","['s3://noaa-nexrad-level2/2025/03/20/KDIX/KDIX20250320_200925_V06', 's3://noaa-nexrad-level2/2025/03/20/KBGM/KBGM20250320_200943_V06', 's3://noaa-nexrad-level2/2025/03/20/KENX/KENX20250320_200958_V06', 's3://noaa-nexrad-level2/2025/03/20/KOKX/KOKX20250320_201025_V06', 's3://noaa-nexrad-level2/2025/03/20/KDOX/KDOX20250320_200728_V06']"
95028,F,A359,GPI UA /OV KGPI250045/TM 2011/FL390/TP A359/TB OCNL MOD/RM ZSE,OCNL MOD,202503202000-KMSC-UBUS01-PIREP,39000.0,48.04766411476127,-115.32320971699204,2025-03-20 20:11:00,3.0,U,"('KMSX', 'KOTX', 'KTFX', 'KPDT', 'KCBX')","['s3://noaa-nexrad-level2/2025/03/20/KMSX/KMSX20250320_200635_V06', 's3://noaa-nexrad-level2/2025/03/20/KOTX/KOTX20250320_200827_V06', 's3://noaa-nexrad-level2/2025/03/20/KTFX/KTFX20250320_200643_V06', 's3://noaa-nexrad-level2/2025/03/20/KPDT/KPDT20250320_200633_V06', 's3://noaa-nexrad-level2/2025/03/20/KCBX/KCBX20250320_200608_V06']"
95029,T,C402,SLK UUA /OV KSLK/TM 2011/FL040/TP C402/TB MOD-SEV 040-065/RM CLIMB OUT OF KSLK,MOD-SEV 040-065,202503202000-KMSC-UBUS01-PIREP,4000.0,44.38531,-74.20619,2025-03-20 20:11:00,4.0,L,"('KCXX', 'KTYX', 'KENX', 'KBGM', 'KOKX')","['s3://noaa-nexrad-level2/2025/03/20/KCXX/KCXX20250320_201016_V06', 's3://noaa-nexrad-level2/2025/03/20/KTYX/KTYX20250320_200804_V06', 's3://noaa-nexrad-level2/2025/03/20/KENX/KENX20250320_200958_V06', 's3://noaa-nexrad-level2/2025/03/20/KBGM/KBGM20250320_200943_V06', 's3://noaa-nexrad-level2/2025/03/20/KOKX/KOKX20250320_201025_V06']"
95030,F,A320,FLO UA /OV FLO315035/TM 2012/FL180/TP A320/TB LGT-MOD,LGT-MOD,202503202000-KMSC-UBUS01-PIREP,18000.0,34.597872366520974,-80.22256059273346,2025-03-20 20:12:00,2.0,M,"('KCAE', 'KLTX', 'KGSP', 'KRAX', 'KCLX')","['s3://noaa-nexrad-level2/2025/03/20/KCAE/KCAE20250320_201026_V06', 's3://noaa-nexrad-level2/2025/03/20/KLTX/KLTX20250320_201101_V06', 's3://noaa-nexrad-level2/2025/03/20/KGSP/KGSP20250320_201114_V06', 's3://noaa-nexrad-level2/2025/03/20/KRAX/KRAX20250320_201103_V06', 's3://noaa-nexrad-level2/2025/03/20/KCLX/KCLX20250320_200937_V06']"
95031,F,A321,BOS UA /OV BOS110012/TM 2012/FL043/TP A321/SK OVC018-TOP023/CLR ABV/TB OCL LGT CHOP/RM DURC,OCL LGT CHOP,202503202000-KMSC-UBUS01-PIREP,4300.0,42.292160430603005,-70.75536694541137,2025-03-20 20:12:00,1.0,M,"('KBOX', 'KGYX', 'KOKX', 'KCXX', 'KENX')","['s3://noaa-nexrad-level2/2025/03/20/KBOX/KBOX20250320_200659_V06', 's3://noaa-nexrad-level2/2025/03/20/KGYX/KGYX20250320_200749_V06', 's3://noaa-nexrad-level2/2025/03/20/KOKX/KOKX20250320_201025_V06', 's3://noaa-nexrad-level2/2025/03/20/KCXX/KCXX20250320_201016_V06', 's3://noaa-nexrad-level2/2025/03/20/KENX/KENX20250320_200958_V06']"
95032,F,LJ75,BIV UA /OV PMM300050/TM 2013/FL300/TP LJ75/TB LGT-MOD CHOP 300-250,LGT-MOD CHOP 300-250,202503202000-KMSC-UBUS01-PIREP,30000.0,42.886700416700414,-87.0884652743226,2025-03-20 20:13:00,2.0,U,"('KMKX', 'KGRR', 'KLOT', 'KGRB', 'KIWX')","['s3://noaa-nexrad-level2/2025/03/20/KMKX/KMKX20250320_201047_V06', 's3://noaa-nexrad-level2/2025/03/20/KGRR/KGRR20250320_201120_V06', 's3://noaa-nexrad-level2/2025/03/20/KLOT/KLOT20250320_200824_V06', 's3://noaa-nexrad-level2/2025/03/20/KGRB/KGRB20250320_201256_V06', 's3://noaa-nexrad-level2/2025/03/20/KIWX/KIWX20250320_200605_V06']"
95033,F,B772,ROC UA /OV GEE090030/TM 2013/FL270/TP B772/TB MOD CHOP/RM ZOB,MOD CHOP,202503202000-KMSC-UBUS01-PIREP,27000.0,42.83,-77.04816441038908,2025-03-20 20:13:00,3.0,H,"('KBGM', 'KTYX', 'KBUF', 'KCCX', 'KENX')","['s3://noaa-nexrad-level2/2025/03/20/KBGM/KBGM20250320_200943_V06', 's3://noaa-nexrad-level2/2025/03/20/KTYX/KTYX20250320_201222_V06', 's3://noaa-nexrad-level2/2025/03/20/KBUF/KBUF20250320_200743_V06', 's3://noaa-nexrad-level2/2025/03/20/KCCX/KCCX20250320_201121_V06', 's3://noaa-nexrad-level2/2025/03/20/KENX/KENX20250320_200958_V06']"
95034,F,A320,MCK UA /OV HCT/TM 2013/FL350/TP A320/TB CONS LGT-MOD CHOP 310-,CONS LGT-MOD CHOP 310-,202503202000-KMSC-UBUS01-PIREP,35000.0,40.45,-100.92,2025-03-20 20:13:00,2.0,M,"('KGLD', 'KLNX', 'KUEX', 'KDDC', 'KFTG')","['s3://noaa-nexrad-level2/2025/03/20/KGLD/KGLD20250320_200537_V06', 's3://noaa-nexrad-level2/2025/03/20/KLNX/KLNX20250320_200810_V06', 's3://noaa-nexrad-level2/2025/03/20/KUEX/KUEX20250320_200606_V06', 's3://noaa-nexrad-level2/2025/03/20/KDDC/KDDC20250320_201209_V06', 's3://noaa-nexrad-level2/2025/03/20/KFTG/KFTG20250320_200752_V06']"
95035,F,A320,MCK UA /OV HCT/TM 2013/FL350/TP A320/TB CONS LGT-MOD CHOP 310,CONS LGT-MOD CHOP 310,202503202025-KWBC-UBUS31-PRCUS,35000.0,40.45,-100.92,2025-03-20 20:13:00,2.0,M,"('KGLD', 'KLNX', 'KUEX', 'KDDC', 'KFTG')","['s3://noaa-nexrad-level2/2025/03/20/KGLD/KGLD20250320_200537_V06', 's3://noaa-nexrad-level2/2025/03/20/KLNX/KLNX20250320_200810_V06', 's3://noaa-nexrad-level2/2025/03/20/KUEX/KUEX20250320_200606_V06', 's3://noaa-nexrad-level2/2025/03/20/KDDC/KDDC20250320_201209_V06', 's3://noaa-nexrad-level2/2025/03/20/KFTG/KFTG20250320_200752_V06']"
95036,F,B789,MSO UA /OV MLP095030/TM 2014/FL400/TP B789/TB LGT-MOD /ZLC,LGT-MOD,202503202000-KMSC-UBUS01-PIREP,40000.0,47.411236598815066,-114.93440470536032,2025-03-20 20:14:00,2.0,U,"('KMSX', 'KOTX', 'KTFX', 'KCBX', 'KPDT')","['s3://noaa-nexrad-level2/2025/03/20/KMSX/KMSX20250320_201205_V06', 's3://noaa-nexrad-level2/2025/03/20/KOTX/KOTX20250320_201309_V06', 's3://noaa-nexrad-level2/2025/03/20/KTFX/KTFX20250320_201249_V06', 's3://noaa-nexrad-level2/2025/03/20/KCBX/KCBX20250320_201316_V06', 's3://noaa-nexrad-level2/2025/03/20/KPDT/KPDT20250320_200633_V06']"
95037,F,B737,ATL UA /OV ATL020030/TM 2014/FL210/TP B737/TB OCNL LGT CHOP/RM KATL CLIMBOUT ZTLFD38,OCNL LGT CHOP,202503202000-KMSC-UBUS01-PIREP,21000.0,34.09998436798215,-84.23639803232385,2025-03-20 20:14:00,1.0,M,"('KFFC', 'KJGX', 'KHTX', 'KGSP', 'KMXX')","['s3://noaa-nexrad-level2/2025/03/20/KFFC/KFFC20250320_201335_V06', 's3://noaa-nexrad-level2/2025/03/20/KJGX/KJGX20250320_201117_V06', 's3://noaa-nexrad-level2/2025/03/20/KHTX/KHTX20250320_201319_V06', 's3://noaa-nexrad-level2/2025/03/20/KGSP/KGSP20250320_201114_V06', 's3://noaa-nexrad-level2/2025/03/20/KMXX/KMXX20250320_200816_V06']"
95038,F,C402,ACK UA /OV ACK270003/TM 2015/FL006/TP C402/SK OVC006/TB NEG/RM DURD RY15,NEG,202503202000-KMSC-UBUS01-PIREP,600.0,41.25311,-70.1268220814156,2025-03-20 20:15:00,0.0,L,"('KBOX', 'KGYX', 'KOKX', 'KENX', 'KCXX')","['s3://noaa-nexrad-level2/2025/03/20/KBOX/KBOX20250320_201347_V06', 's3://noaa-nexrad-level2/2025/03/20/KGYX/KGYX20250320_201447_V06', 's3://noaa-nexrad-level2/2025/03/20/KOKX/KOKX20250320_201025_V06', 's3://noaa-nexrad-level2/2025/03/20/KENX/KENX20250320_200958_V06', 's3://noaa-nexrad-level2/2025/03/20/KCXX/KCXX20250320_201016_V06']"
95039,F,PA48,ICT UA /OV ICT090023/TM 2015/FL060/TP PA48/TB MOD,MOD,202503202000-KMSC-UBUS01-PIREP,6000.0,37.65,-96.94580543424296,2025-03-20 20:15:00,3.0,L,"('KICT', 'KVNX', 'KTWX', 'KINX', 'KTLX')","['s3://noaa-nexrad-level2/2025/03/20/KICT/KICT20250320_200739_V06', 's3://noaa-nexrad-level2/2025/03/20/KVNX/KVNX20250320_200951_V06', 's3://noaa-nexrad-level2/2025/03/20/KTWX/KTWX20250320_200803_V06', 's3://noaa-nexrad-level2/2025/03/20/KINX/KINX20250320_200726_V06', 's3://noaa-nexrad-level2/2025/03/20/KTLX/KTLX20250320_200905_V06']"
95040,F,E14,OKC UA /OV IRW130020/TM 2015/FL360/TP E14/L/TB CONS LGT/RM ZFW,CONS LGT,202503202000-KMSC-UBUS01-PIREP,36000.0,35.145720108155004,-97.29686841559452,2025-03-20 20:15:00,1.0,U,"('KOUN', 'KTLX', 'KVNX', 'KFDR', 'KINX')","['s3://noaa-nexrad-level2/2025/03/20/KTLX/KTLX20250320_200905_V06', 's3://noaa-nexrad-level2/2025/03/20/KVNX/KVNX20250320_200951_V06', 's3://noaa-nexrad-level2/2025/03/20/KFDR/KFDR20250320_201128_V06', 's3://noaa-nexrad-level2/2025/03/20/KINX/KINX20250320_200726_V06']"
95041,F,B789,MLP UA /OV MLP100048/TM 2015/FL410/TP B789/TB LGT-MOD CHOP/RM ZSE,LGT-MOD CHOP,202503202000-KMSC-UBUS01-PIREP,41000.0,47.31588820545329,-114.50585607867087,2025-03-20 20:15:00,2.0,U,"('KMSX', 'KTFX', 'KOTX', 'KCBX', 'KSFX')","['s3://noaa-nexrad-level2/2025/03/20/KMSX/KMSX20250320_201205_V06', 's3://noaa-nexrad-level2/2025/03/20/KTFX/KTFX20250320_201249_V06', 's3://noaa-nexrad-level2/2025/03/20/KOTX/KOTX20250320_201309_V06', 's3://noaa-nexrad-level2/2025/03/20/KCBX/KCBX20250320_201316_V06', 's3://noaa-nexrad-level2/2025/03/20/KSFX/KSFX20250320_201404_V06']"
95042,F,B39M,OKV UA /OV LDN250030/TM 2015/FL180/TP B39M/TB CONS MOD CAT/RM DURD GIBBZ,CONS MOD CAT,202503202000-KMSC-UBUS01-PIREP,18000.0,38.67897607650751,-78.81335116419127,2025-03-20 20:15:00,3.0,U,"('KLWX', 'KFCX', 'KPBZ', 'KCCX', 'KAKQ')","['s3://noaa-nexrad-level2/2025/03/20/KLWX/KLWX20250320_201312_V06', 's3://noaa-nexrad-level2/2025/03/20/KFCX/KFCX20250320_201348_V06', 's3://noaa-nexrad-level2/2025/03/20/KPBZ/KPBZ20250320_201456_V06', 's3://noaa-nexrad-level2/2025/03/20/KCCX/KCCX20250320_201121_V06', 's3://noaa-nexrad-level2/2025/03/20/KAKQ/KAKQ20250320_201338_V06']"
95043,F,A320,AMA UA /OV PNH250045/TM 2015/FL330/TP A320/TB CONS LGT /RM ZAB/FDCS,CONS LGT,202503210200-KMSC-UBUS01-PIREP,33000.0,34.98346411476127,-102.56297302685208,2025-03-20 20:15:00,1.0,M,"('KAMA', 'KFDX', 'KLBB', 'KMAF', 'KFDR')","['s3://noaa-nexrad-level2/2025/03/20/KAMA/KAMA20250320_201222_V06', 's3://noaa-nexrad-level2/2025/03/20/KFDX/KFDX20250320_201330_V06', 's3://noaa-nexrad-level2/2025/03/20/KLBB/KLBB20250320_200903_V06', 's3://noaa-nexrad-level2/2025/03/20/KMAF/KMAF20250320_201228_V06', 's3://noaa-nexrad-level2/2025/03/20/KFDR/KFDR20250320_201128_V06']"
95044,F,A320,MLC UA /OV MLC225020/TM 2016/FL370/TP A320/TB CONS MOD/RM ZFW,CONS MOD,202503202000-KMSC-UBUS01-PIREP,37000.0,34.646498647702295,-96.0704096387827,2025-03-20 20:16:00,3.0,M,"('KTLX', 'KOUN', 'KINX', 'KSRX', 'KFWS')","['s3://noaa-nexrad-level2/2025/03/20/KTLX/KTLX20250320_200905_V06', 's3://noaa-nexrad-level2/2025/03/20/KINX/KINX20250320_201554_V06', 's3://noaa-nexrad-level2/2025/03/20/KSRX/KSRX20250320_201327_V06', 's3://noaa-nexrad-level2/2025/03/20/KFWS/KFWS20250320_201543_V06']"
95045,F,LJ60,SSC UA /OV SSC/TM 2016/FL400/TP LJ60/TB CONS MOD CAT,CONS MOD CAT,202503202000-KMSC-UBUS01-PIREP,40000.0,33.97,-80.47,2025-03-20 20:16:00,3.0,M,"('KCAE', 'KCLX', 'KGSP', 'KLTX', 'KRAX')","['s3://noaa-nexrad-level2/2025/03/20/KCAE/KCAE20250320_201504_V06', 's3://noaa-nexrad-level2/2025/03/20/KCLX/KCLX20250320_201408_V06', 's3://noaa-nexrad-level2/2025/03/20/KGSP/KGSP20250320_201114_V06', 's3://noaa-nexrad-level2/2025/03/20/KLTX/KLTX20250320_201526_V06', 's3://noaa-nexrad-level2/2025/03/20/KRAX/KRAX20250320_201103_V06']"
95046,F,E170,RDM UA /OV RDM/TM 2016/FL090/TP E170/SK BKN060-TOPUNKN/TA M03/TB NEG/IC MOD RIME 090-060/RM DURD RY23,NEG,202503202000-KMSC-UBUS01-PIREP,9000.0,44.25389,-121.15,2025-03-20 20:16:00,0.0,U,"('KRTX', 'KMAX', 'KPDT', 'KLGX', 'KATX')","['s3://noaa-nexrad-level2/2025/03/20/KRTX/KRTX20250320_201025_V06', 's3://noaa-nexrad-level2/2025/03/20/KMAX/KMAX20250320_200702_V06', 's3://noaa-nexrad-level2/2025/03/20/KPDT/KPDT20250320_201422_V06', 's3://noaa-nexrad-level2/2025/03/20/KLGX/KLGX20250320_201348_V06', 's3://noaa-nexrad-level2/2025/03/20/KATX/KATX20250320_201224_V06']"
95047,F,E135,CRW UA /OV USW/TM 2016/FL055/TP E135/SK SKC035 TOP110/TA M12/TB NEG /IC LGT RIME 095,NEG,202503202000-KMSC-UBUS01-PIREP,5500.0,38.82,-81.34,2025-03-20 20:16:00,0.0,M,"('KRLX', 'KPBZ', 'KFCX', 'KJKL', 'KILN')","['s3://noaa-nexrad-level2/2025/03/20/KRLX/KRLX20250320_201134_V06', 's3://noaa-nexrad-level2/2025/03/20/KPBZ/KPBZ20250320_201456_V06', 's3://noaa-nexrad-level2/2025/03/20/KFCX/KFCX20250320_201348_V06', 's3://noaa-nexrad-level2/2025/03/20/KJKL/KJKL20250320_201203_V06', 's3://noaa-nexrad-level2/2025/03/20/KILN/KILN20250320_201542_V06']"
95048,F,C25B,CSV UA /OV HCH/TM 2016/FL190/TP C25B/TA 3/TB NEG/IC NEG /RM DURC ZTLFD41,NEG,202503202000-KMSC-UBUS01-PIREP,19000.0,35.78,-84.98,2025-03-20 20:16:00,0.0,U,"('KHTX', 'KMRX', 'KOHX', 'KLVX', 'KFFC')","['s3://noaa-nexrad-level2/2025/03/20/KHTX/KHTX20250320_201319_V06', 's3://noaa-nexrad-level2/2025/03/20/KMRX/KMRX20250320_201209_V06', 's3://noaa-nexrad-level2/2025/03/20/KOHX/KOHX20250320_201510_V06', 's3://noaa-nexrad-level2/2025/03/20/KLVX/KLVX20250320_201536_V06', 's3://noaa-nexrad-level2/2025/03/20/KFFC/KFFC20250320_201335_V06']"
95049,F,PC12,ARB UA /OV KARB06007/TM 2018/FL030/TP PC12/TB MOD CHOP,MOD CHOP,202503202000-KMSC-UBUS01-PIREP,3000.0,42.22396,-83.73972,2025-03-20 20:18:00,3.0,L,"('KDTX', 'KGRR', 'KCLE', 'KIWX', 'KILN')","['s3://noaa-nexrad-level2/2025/03/20/KDTX/KDTX20250320_201243_V06', 's3://noaa-nexrad-level2/2025/03/20/KGRR/KGRR20250320_201120_V06', 's3://noaa-nexrad-level2/2025/03/20/KCLE/KCLE20250320_201633_V06', 's3://noaa-nexrad-level2/2025/03/20/KIWX/KIWX20250320_201435_V06', 's3://noaa-nexrad-level2/2025/03/20/KILN/KILN20250320_201542_V06']"
95050,F,B738,MLI UA /OV MZV/TM 2018/FL300/TP B738/TB LGT CHOP,LGT CHOP,202503202000-KMSC-UBUS01-PIREP,30000.0,41.32,-90.64,2025-03-20 20:18:00,1.0,M,"('KDVN', 'KILX', 'KARX', 'KLOT', 'KLSX')","['s3://noaa-nexrad-level2/2025/03/20/KDVN/KDVN20250320_201640_V06', 's3://noaa-nexrad-level2/2025/03/20/KILX/KILX20250320_201603_V06', 's3://noaa-nexrad-level2/2025/03/20/KARX/KARX20250320_201158_V06', 's3://noaa-nexrad-level2/2025/03/20/KLOT/KLOT20250320_201514_V06', 's3://noaa-nexrad-level2/2025/03/20/KLSX/KLSX20250320_201652_V06']"
95051,F,LK70,ALS UA /OV ALS015030/TM 2018/FL430/TP LK70/TB NEG/RM MTW +/-33KT ZDVWC-46,NEG,202503202000-KMSC-UBUS01-PIREP,43000.0,37.92189203317962,-105.69839295963833,2025-03-20 20:18:00,0.0,,"('KPUX', 'KFTG', 'KGJX', 'KABX', 'KCYS')","['s3://noaa-nexrad-level2/2025/03/20/KPUX/KPUX20250320_201720_V06', 's3://noaa-nexrad-level2/2025/03/20/KFTG/KFTG20250320_201633_V06', 's3://noaa-nexrad-level2/2025/03/20/KGJX/KGJX20250320_201635_V06', 's3://noaa-nexrad-level2/2025/03/20/KABX/KABX20250320_201345_V06', 's3://noaa-nexrad-level2/2025/03/20/KCYS/KCYS20250320_200942_V06']"
95052,F,B737,MRB UA /OV MRB300020/TM 2018/FL200/TP B737/TB MOD/RM FL230-200,MOD,202503202000-KMSC-UBUS01-PIREP,20000.0,39.56858016668016,-78.35828697670064,2025-03-20 20:18:00,3.0,M,"('KLWX', 'KCCX', 'KPBZ', 'KAKQ', 'KDOX')","['s3://noaa-nexrad-level2/2025/03/20/KLWX/KLWX20250320_201747_V06', 's3://noaa-nexrad-level2/2025/03/20/KCCX/KCCX20250320_201614_V06', 's3://noaa-nexrad-level2/2025/03/20/KPBZ/KPBZ20250320_201456_V06', 's3://noaa-nexrad-level2/2025/03/20/KAKQ/KAKQ20250320_201338_V06', 's3://noaa-nexrad-level2/2025/03/20/KDOX/KDOX20250320_201608_V06']"
95053,F,PC12,MSS UA /OV KMSS/TM 2018/FL060/TP PC12/TB OCNL MOD CAT 060-BLO,OCNL MOD CAT 060-BLO,202503202000-KMSC-UBUS01-PIREP,6000.0,44.93583,-74.84556,2025-03-20 20:18:00,3.0,L,"('KTYX', 'KCXX', 'KENX', 'KBGM', 'KBUF')","['s3://noaa-nexrad-level2/2025/03/20/KTYX/KTYX20250320_201658_V06', 's3://noaa-nexrad-level2/2025/03/20/KCXX/KCXX20250320_201656_V06', 's3://noaa-nexrad-level2/2025/03/20/KENX/KENX20250320_201646_V06', 's3://noaa-nexrad-level2/2025/03/20/KBGM/KBGM20250320_201437_V06', 's3://noaa-nexrad-level2/2025/03/20/KBUF/KBUF20250320_201330_V06']"
95054,F,B350,LOZ UA /OV LOZ200015/TM 2019/FL120/TP B350/TB NEG,NEG,202503202000-KMSC-UBUS01-PIREP,12000.0,36.85205781600892,-84.18419535552329,2025-03-20 20:19:00,0.0,M,"('KMRX', 'KJKL', 'KLVX', 'KOHX', 'KILN')","['s3://noaa-nexrad-level2/2025/03/20/KMRX/KMRX20250320_201209_V06', 's3://noaa-nexrad-level2/2025/03/20/KJKL/KJKL20250320_201203_V06', 's3://noaa-nexrad-level2/2025/03/20/KLVX/KLVX20250320_201536_V06', 's3://noaa-nexrad-level2/2025/03/20/KOHX/KOHX20250320_201510_V06', 's3://noaa-nexrad-level2/2025/03/20/KILN/KILN20250320_201542_V06']"
95055,T,PC12,IAD UUA /OV IAD180040/TM 2020/FL140/TP PC12/TB MOD-SEV/RM DURD THRU 100,MOD-SEV,202503202000-KMSC-UBUS01-PIREP,14000.0,38.26811933327934,-77.44728,2025-03-20 20:20:00,4.0,L,"('KLWX', 'KAKQ', 'KDOX', 'KCCX', 'KRAX')","['s3://noaa-nexrad-level2/2025/03/20/KLWX/KLWX20250320_201747_V06', 's3://noaa-nexrad-level2/2025/03/20/KAKQ/KAKQ20250320_201937_V06', 's3://noaa-nexrad-level2/2025/03/20/KDOX/KDOX20250320_201608_V06', 's3://noaa-nexrad-level2/2025/03/20/KCCX/KCCX20250320_201614_V06', 's3://noaa-nexrad-level2/2025/03/20/KRAX/KRAX20250320_201638_V06']"
95056,T,PC12,RIC UUA /OV 15 SW FAK/TM 2020/FL140/TP PC12/TB MOD-SEV 140-120 /RM NO INJURIES OR DAMAGE,MOD-SEV 140-120,202503202000-KMSC-UBUS01-PIREP,14000.0,37.353208985776725,-78.05292979385926,2025-03-20 20:20:00,4.0,L,"('KAKQ', 'KLWX', 'KRAX', 'KFCX', 'KMHX')","['s3://noaa-nexrad-level2/2025/03/20/KAKQ/KAKQ20250320_201937_V06', 's3://noaa-nexrad-level2/2025/03/20/KLWX/KLWX20250320_201747_V06', 's3://noaa-nexrad-level2/2025/03/20/KRAX/KRAX20250320_201638_V06', 's3://noaa-nexrad-level2/2025/03/20/KFCX/KFCX20250320_201819_V06', 's3://noaa-nexrad-level2/2025/03/20/KMHX/KMHX20250320_201751_V06']"
95057,F,B38M,DLL UA /OV DLL/TM 2021/FL350/TP B38M/TB CONS LGT OCNL MOD,CONS LGT OCNL MOD,202503202000-KMSC-UBUS01-PIREP,35000.0,43.522,-89.771,2025-03-20 20:21:00,2.0,U,"('KMKX', 'KARX', 'KGRB', 'KDVN', 'KLOT')","['s3://noaa-nexrad-level2/2025/03/20/KMKX/KMKX20250320_201745_V06', 's3://noaa-nexrad-level2/2025/03/20/KARX/KARX20250320_201846_V06', 's3://noaa-nexrad-level2/2025/03/20/KGRB/KGRB20250320_201959_V06', 's3://noaa-nexrad-level2/2025/03/20/KDVN/KDVN20250320_201640_V06', 's3://noaa-nexrad-level2/2025/03/20/KLOT/KLOT20250320_201514_V06']"
95058,F,B737,PGA UA /OV TBC/TM 2021/FL330/TP B737/TB OCNL LGT CHOP/RM ZDWC-,OCNL LGT CHOP,202503202000-KMSC-UBUS01-PIREP,33000.0,36.12,-111.27,2025-03-20 20:21:00,1.0,M,"('KFSX', 'KFSX', 'KICX', 'KIWA', 'KESX')","['s3://noaa-nexrad-level2/2025/03/20/KFSX/KFSX20250320_201451_V06', 's3://noaa-nexrad-level2/2025/03/20/KFSX/KFSX20250320_201451_V06', 's3://noaa-nexrad-level2/2025/03/20/KICX/KICX20250320_201406_V06', 's3://noaa-nexrad-level2/2025/03/20/KIWA/KIWA20250320_201320_V06', 's3://noaa-nexrad-level2/2025/03/20/KESX/KESX20250320_201504_V06']"
95059,F,B737,PGA UA /OV TBC/TM 2021/FL330/TP B737/TB OCNL LGT CHOP/RM ZDWC,OCNL LGT CHOP,202503202025-KWBC-UBUS31-PRCUS,33000.0,36.12,-111.27,2025-03-20 20:21:00,1.0,M,"('KFSX', 'KFSX', 'KICX', 'KIWA', 'KESX')","['s3://noaa-nexrad-level2/2025/03/20/KFSX/KFSX20250320_201451_V06', 's3://noaa-nexrad-level2/2025/03/20/KFSX/KFSX20250320_201451_V06', 's3://noaa-nexrad-level2/2025/03/20/KICX/KICX20250320_201406_V06', 's3://noaa-nexrad-level2/2025/03/20/KIWA/KIWA20250320_201320_V06', 's3://noaa-nexrad-level2/2025/03/20/KESX/KESX20250320_201504_V06']"
95060,F,A320,DTW UA /OV CRL/TM 2021/FL030/TP A320/TA M9/TB OCNL LGT CHOP/IC LGT CLR 40-70/RM DURGD,OCNL LGT CHOP,202503202000-KMSC-UBUS01-PIREP,3000.0,42.05,-83.46,2025-03-20 20:21:00,1.0,M,"('KDTX', 'KCLE', 'KGRR', 'KIWX', 'KILN')","['s3://noaa-nexrad-level2/2025/03/20/KDTX/KDTX20250320_201948_V06', 's3://noaa-nexrad-level2/2025/03/20/KCLE/KCLE20250320_201633_V06', 's3://noaa-nexrad-level2/2025/03/20/KGRR/KGRR20250320_201943_V06', 's3://noaa-nexrad-level2/2025/03/20/KIWX/KIWX20250320_201435_V06', 's3://noaa-nexrad-level2/2025/03/20/KILN/KILN20250320_201542_V06']"
95061,F,PA38,DMN UA /OV DMN/TM 2021/FL095/TP PA38/TB MOD CAT/RM ZAB/FDCS,MOD CAT,202503210200-KMSC-UBUS01-PIREP,9500.0,32.26231,-107.72064,2025-03-20 20:21:00,3.0,L,"('KEPZ', 'KHDX', 'KEMX', 'KABX', 'KIWA')","['s3://noaa-nexrad-level2/2025/03/20/KEPZ/KEPZ20250320_201849_V06', 's3://noaa-nexrad-level2/2025/03/20/KHDX/KHDX20250320_202041_V06', 's3://noaa-nexrad-level2/2025/03/20/KEMX/KEMX20250320_201729_V06', 's3://noaa-nexrad-level2/2025/03/20/KABX/KABX20250320_201827_V06', 's3://noaa-nexrad-level2/2025/03/20/KIWA/KIWA20250320_201320_V06']"
95062,F,C55B,CID UA /OV KCID/TM 2022/FL035/TP C55B/TB LGT OCNL MOD/RM LGT TURB OCNL MOD TURB BELOW 050,LGT OCNL MOD,202503202000-KMSC-UBUS01-PIREP,3500.0,41.882899,-91.724588,2025-03-20 20:22:00,2.0,U,"('KDVN', 'KDMX', 'KARX', 'KILX', 'KLSX')","['s3://noaa-nexrad-level2/2025/03/20/KDVN/KDVN20250320_201640_V06', 's3://noaa-nexrad-level2/2025/03/20/KDMX/KDMX20250320_201741_V06', 's3://noaa-nexrad-level2/2025/03/20/KARX/KARX20250320_201846_V06', 's3://noaa-nexrad-level2/2025/03/20/KILX/KILX20250320_201603_V06', 's3://noaa-nexrad-level2/2025/03/20/KLSX/KLSX20250320_201652_V06']"
95063,F,E75L,LUL UA /OV MEI045015/TM 2023/FL220/TP E75L/TB CONS MOD 220-190/RM ZME,CONS MOD 220-190,202503202000-KMSC-UBUS01-PIREP,22000.0,32.51154101422328,-88.54183441161402,2025-03-20 20:23:00,3.0,U,"('KGWX', 'KDGX', 'KMOB', 'KBMX', 'KLIX')","['s3://noaa-nexrad-level2/2025/03/20/KGWX/KGWX20250320_201834_V06', 's3://noaa-nexrad-level2/2025/03/20/KDGX/KDGX20250320_202226_V06', 's3://noaa-nexrad-level2/2025/03/20/KMOB/KMOB20250320_201532_V06', 's3://noaa-nexrad-level2/2025/03/20/KBMX/KBMX20250320_201421_V06']"
95064,F,B738,DVK UA /OV DVK/TM 2024/FL300/TP B738/TB CONS LGT,CONS LGT,202503202000-KMSC-UBUS01-PIREP,30000.0,37.5779167,-84.7696944,2025-03-20 20:24:00,1.0,M,"('KLVX', 'KJKL', 'KMRX', 'KILN', 'KOHX')","['s3://noaa-nexrad-level2/2025/03/20/KLVX/KLVX20250320_202234_V06', 's3://noaa-nexrad-level2/2025/03/20/KJKL/KJKL20250320_201902_V06', 's3://noaa-nexrad-level2/2025/03/20/KMRX/KMRX20250320_201912_V06', 's3://noaa-nexrad-level2/2025/03/20/KILN/KILN20250320_202128_V06', 's3://noaa-nexrad-level2/2025/03/20/KOHX/KOHX20250320_202350_V06']"
95065,F,GALX,TLH UA /OV SZW/TM 2025/FL380/TP GALX/TB OCNL LGT,OCNL LGT,202503202000-KMSC-UBUS01-PIREP,38000.0,30.56,-84.37,2025-03-20 20:25:00,1.0,M,"('KTLH', 'KVAX', 'KEOX', 'KEVX', 'KJGX')","['s3://noaa-nexrad-level2/2025/03/20/KTLH/KTLH20250320_202111_V06', 's3://noaa-nexrad-level2/2025/03/20/KVAX/KVAX20250320_201946_V06', 's3://noaa-nexrad-level2/2025/03/20/KEOX/KEOX20250320_143812_V06', 's3://noaa-nexrad-level2/2025/03/20/KEVX/KEVX20250320_202401_V06', 's3://noaa-nexrad-level2/2025/03/20/KJGX/KJGX20250320_201809_V06']"
95066,F,H25B,LUL UA /OV MEI135012/TM 2025/FL220/TP H25B/TB CONS MOD 220-170/RM ZME,CONS MOD 220-170,202503202000-KMSC-UBUS01-PIREP,22000.0,32.19331718862138,-88.58368152929121,2025-03-20 20:25:00,3.0,M,"('KDGX', 'KMOB', 'KGWX', 'KBMX', 'KLIX')","['s3://noaa-nexrad-level2/2025/03/20/KDGX/KDGX20250320_202226_V06', 's3://noaa-nexrad-level2/2025/03/20/KMOB/KMOB20250320_202356_V06', 's3://noaa-nexrad-level2/2025/03/20/KGWX/KGWX20250320_201834_V06', 's3://noaa-nexrad-level2/2025/03/20/KBMX/KBMX20250320_202423_V06']"
95067,F,B738,UNI UA /OV UNI360010/TM 2025/FL150/TP B738/SK VMC/TB NEG,NEG,202503202000-KMSC-UBUS01-PIREP,15000.0,39.378571566680165,-82.2292537,2025-03-20 20:25:00,0.0,M,"('KRLX', 'KILN', 'KCLE', 'KJKL', 'KPBZ')","['s3://noaa-nexrad-level2/2025/03/20/KRLX/KRLX20250320_201827_V06', 's3://noaa-nexrad-level2/2025/03/20/KILN/KILN20250320_202128_V06', 's3://noaa-nexrad-level2/2025/03/20/KCLE/KCLE20250320_202112_V06', 's3://noaa-nexrad-level2/2025/03/20/KJKL/KJKL20250320_201902_V06', 's3://noaa-nexrad-level2/2025/03/20/KPBZ/KPBZ20250320_202408_V06']"
95068,F,C172,FHU UA /OV E95120004-E95120004 /TM 2026 /FL075 /TP C172 /TB LGT CHOP,LGT CHOP,202503202000-KMSC-UBUS01-PIREP,7500.0,31.956663966663964,-110.28192201222969,2025-03-20 20:26:00,1.0,L,"('KEMX', 'KIWA', 'KFSX', 'KFSX', 'KEPZ')","['s3://noaa-nexrad-level2/2025/03/20/KEMX/KEMX20250320_202429_V06', 's3://noaa-nexrad-level2/2025/03/20/KIWA/KIWA20250320_202207_V06', 's3://noaa-nexrad-level2/2025/03/20/KFSX/KFSX20250320_202338_V06', 's3://noaa-nexrad-level2/2025/03/20/KFSX/KFSX20250320_202338_V06', 's3://noaa-nexrad-level2/2025/03/20/KEPZ/KEPZ20250320_202555_V06']"
95069,F,E75,ROC UA /OV ROC115035/TM 2026/FL250/TP E75/TB MOD CHOP/RM ZOB,MOD CHOP,202503202000-KMSC-UBUS01-PIREP,25000.0,42.87015271191842,-76.95238616625306,2025-03-20 20:26:00,3.0,U,"('KBGM', 'KTYX', 'KBUF', 'KCCX', 'KENX')","['s3://noaa-nexrad-level2/2025/03/20/KBGM/KBGM20250320_202415_V06', 's3://noaa-nexrad-level2/2025/03/20/KTYX/KTYX20250320_202556_V06', 's3://noaa-nexrad-level2/2025/03/20/KBUF/KBUF20250320_202503_V06', 's3://noaa-nexrad-level2/2025/03/20/KCCX/KCCX20250320_202539_V06', 's3://noaa-nexrad-level2/2025/03/20/KENX/KENX20250320_202335_V06']"
95070,F,E75L,SPA UA /OV SUG/TM 2026/FL210/TP E75L/TB LGT-MOD CHOP 210/RM DURC ZTLFD44,LGT-MOD CHOP 210,202503202000-KMSC-UBUS01-PIREP,21000.0,35.41,-82.27,2025-03-20 20:26:00,2.0,U,"('KGSP', 'KMRX', 'KCAE', 'KJKL', 'KFCX')","['s3://noaa-nexrad-level2/2025/03/20/KGSP/KGSP20250320_202511_V06', 's3://noaa-nexrad-level2/2025/03/20/KMRX/KMRX20250320_201912_V06', 's3://noaa-nexrad-level2/2025/03/20/KCAE/KCAE20250320_202416_V06', 's3://noaa-nexrad-level2/2025/03/20/KJKL/KJKL20250320_201902_V06', 's3://noaa-nexrad-level2/2025/03/20/KFCX/KFCX20250320_202237_V06']"
95071,F,E170,DCA UA /OV AML330030/TM 2027/FL155/TP E170/TA M18/TB CONT MOD CHOP/IC LIGHT RIME,CONT MOD CHOP,202503202000-KMSC-UBUS01-PIREP,15500.0,39.36304777595615,-77.79139821690787,2025-03-20 20:27:00,3.0,U,"('KLWX', 'KCCX', 'KDOX', 'KAKQ', 'KPBZ')","['s3://noaa-nexrad-level2/2025/03/20/KLWX/KLWX20250320_202650_V06', 's3://noaa-nexrad-level2/2025/03/20/KCCX/KCCX20250320_202539_V06', 's3://noaa-nexrad-level2/2025/03/20/KDOX/KDOX20250320_202449_V06', 's3://noaa-nexrad-level2/2025/03/20/KAKQ/KAKQ20250320_202527_V06', 's3://noaa-nexrad-level2/2025/03/20/KPBZ/KPBZ20250320_202408_V06']"
95072,F,SR22,SDF UA /OV EWO260025/TM 2028/FL100/TP SR22/TB NEG /IC NEG,NEG,202503202000-KMSC-UBUS01-PIREP,10000.0,37.55764073200693,-86.19816327404412,2025-03-20 20:28:00,0.0,L,"('KLVX', 'KOHX', 'KHPX', 'KVWX', 'KIND')","['s3://noaa-nexrad-level2/2025/03/20/KLVX/KLVX20250320_202234_V06', 's3://noaa-nexrad-level2/2025/03/20/KOHX/KOHX20250320_202350_V06', 's3://noaa-nexrad-level2/2025/03/20/KHPX/KHPX20250320_202150_V06', 's3://noaa-nexrad-level2/2025/03/20/KVWX/KVWX20250320_202309_V06', 's3://noaa-nexrad-level2/2025/03/20/KIND/KIND20250320_202714_V06']"
95073,F,C25B,ORL UA /OV ORL/TM 2029/FL450/TP C25B/TB NEG,NEG,202503202000-KMSC-UBUS01-PIREP,45000.0,28.54546,-81.33294,2025-03-20 20:29:00,0.0,U,"('KMLB', 'KTBW', 'KJAX', 'KVAX', 'KAMX')","['s3://noaa-nexrad-level2/2025/03/20/KMLB/KMLB20250320_202812_V06', 's3://noaa-nexrad-level2/2025/03/20/KTBW/KTBW20250320_202804_V06', 's3://noaa-nexrad-level2/2025/03/20/KJAX/KJAX20250320_202327_V06', 's3://noaa-nexrad-level2/2025/03/20/KVAX/KVAX20250320_202648_V06', 's3://noaa-nexrad-level2/2025/03/20/KAMX/KAMX20250320_202620_V06']"
95074,F,B38M,HNL UA /OV CLUTS170020/TM 2029/FL320/TP B38M/TB MOD CHOP 320-350,MOD CHOP 320-350,202503202000-KMSC-UBUS01-PIREP,32000.0,21.31,-157.92,2025-03-20 20:29:00,3.0,U,"('PHMO', 'PHKI', 'PHKM', 'PHWA', 'PAKC')","['s3://noaa-nexrad-level2/2025/03/20/PHMO/PHMO20250320_202547_V06', 's3://noaa-nexrad-level2/2025/03/20/PHKI/PHKI20250320_202451_V06', 's3://noaa-nexrad-level2/2025/03/20/PHKM/PHKM20250320_202643_V06', 's3://noaa-nexrad-level2/2025/03/20/PHWA/PHWA20250320_202738_V06', 's3://noaa-nexrad-level2/2025/03/20/PAKC/PAKC20250320_202549_V06']"
95075,F,CRJ9,CLT UA /OV CLT/TM 2030/FL040/TP CRJ9/TB MOD 120-040,MOD 120-040,202503202000-KMSC-UBUS01-PIREP,4000.0,35.22255,-80.95431,2025-03-20 20:30:00,3.0,U,"('KCAE', 'KGSP', 'KFCX', 'KRAX', 'KCLX')","['s3://noaa-nexrad-level2/2025/03/20/KCAE/KCAE20250320_202853_V06', 's3://noaa-nexrad-level2/2025/03/20/KGSP/KGSP20250320_202511_V06', 's3://noaa-nexrad-level2/2025/03/20/KFCX/KFCX20250320_202655_V06', 's3://noaa-nexrad-level2/2025/03/20/KRAX/KRAX20250320_202838_V06', 's3://noaa-nexrad-level2/2025/03/20/KCLX/KCLX20250320_202708_V06']"
95076,F,CRJ9,BTV UA /OV BTV/TM 2030/FL004/TP CRJ9/TB LGT - MOD CHOP/RM +/- 15KTS ON FNL,LGT - MOD CHOP,202503202000-KMSC-UBUS01-PIREP,400.0,44.47,-73.15,2025-03-20 20:30:00,2.0,U,"('KCXX', 'KENX', 'KTYX', 'KGYX', 'KBOX')","['s3://noaa-nexrad-level2/2025/03/20/KCXX/KCXX20250320_202336_V06', 's3://noaa-nexrad-level2/2025/03/20/KENX/KENX20250320_202335_V06', 's3://noaa-nexrad-level2/2025/03/20/KTYX/KTYX20250320_202556_V06', 's3://noaa-nexrad-level2/2025/03/20/KGYX/KGYX20250320_202843_V06', 's3://noaa-nexrad-level2/2025/03/20/KBOX/KBOX20250320_202727_V06']"
95077,F,B738,ROC UA /OV GEE270030/TM 2030/FL340/TP B738/TB OCNL MOD CHOP/RM ZOB,OCNL MOD CHOP,202503202000-KMSC-UBUS01-PIREP,34000.0,42.83,-78.41183558961093,2025-03-20 20:30:00,3.0,M,"('KBUF', 'KCCX', 'KBGM', 'KTYX', 'KPBZ')","['s3://noaa-nexrad-level2/2025/03/20/KBUF/KBUF20250320_202503_V06', 's3://noaa-nexrad-level2/2025/03/20/KCCX/KCCX20250320_202539_V06', 's3://noaa-nexrad-level2/2025/03/20/KBGM/KBGM20250320_202943_V06', 's3://noaa-nexrad-level2/2025/03/20/KTYX/KTYX20250320_202556_V06', 's3://noaa-nexrad-level2/2025/03/20/KPBZ/KPBZ20250320_202842_V06']"
95078,F,A21N,MRN UA /OV BZM275030/TM 2030/FL330/TP A21N/TB NEG/IC NEG/RM ZTLFD42,NEG,202503202000-KMSC-UBUS01-PIREP,33000.0,35.913581401184935,-81.85472028669534,2025-03-20 20:30:00,0.0,U,"('KGSP', 'KMRX', 'KFCX', 'KCAE', 'KJKL')","['s3://noaa-nexrad-level2/2025/03/20/KGSP/KGSP20250320_202511_V06', 's3://noaa-nexrad-level2/2025/03/20/KMRX/KMRX20250320_202615_V06', 's3://noaa-nexrad-level2/2025/03/20/KFCX/KFCX20250320_202655_V06', 's3://noaa-nexrad-level2/2025/03/20/KCAE/KCAE20250320_202853_V06', 's3://noaa-nexrad-level2/2025/03/20/KJKL/KJKL20250320_202606_V06']"
95079,F,AC95,SPA UA /OV SPA360030/TM 2030/FL190/TP AC95/TB MOD CHOP 190/RM ZTLFD44,MOD CHOP 190,202503202000-KMSC-UBUS01-PIREP,19000.0,35.415762700040496,-81.9565,2025-03-20 20:30:00,3.0,L,"('KGSP', 'KMRX', 'KCAE', 'KFCX', 'KJKL')","['s3://noaa-nexrad-level2/2025/03/20/KGSP/KGSP20250320_202511_V06', 's3://noaa-nexrad-level2/2025/03/20/KMRX/KMRX20250320_202615_V06', 's3://noaa-nexrad-level2/2025/03/20/KCAE/KCAE20250320_202853_V06', 's3://noaa-nexrad-level2/2025/03/20/KFCX/KFCX20250320_202655_V06', 's3://noaa-nexrad-level2/2025/03/20/KJKL/KJKL20250320_202606_V06']"
95080,F,PC12,MSP UA /OV MSP120025/TM 2031/FL040/TP PC12/TB CONT LGT OCNL MOD TURB/RM +/- 10 KTS,CONT LGT OCNL MOD TURB,202503202000-KMSC-UBUS01-PIREP,4000.0,44.67701979164979,-92.72197629085024,2025-03-20 20:31:00,2.0,L,"('KMPX', 'KARX', 'KDLH', 'KDMX', 'KDVN')","['s3://noaa-nexrad-level2/2025/03/20/KMPX/KMPX20250320_202519_V06', 's3://noaa-nexrad-level2/2025/03/20/KARX/KARX20250320_202537_V06', 's3://noaa-nexrad-level2/2025/03/20/KDLH/KDLH20250320_202308_V06', 's3://noaa-nexrad-level2/2025/03/20/KDMX/KDMX20250320_202436_V06', 's3://noaa-nexrad-level2/2025/03/20/KDVN/KDVN20250320_202621_V06']"
95081,F,A319,HDN UA /OV CHE113023/TM 2031/FL390/TP A319/TB LGT-MOD /RM ZDVWC-14,LGT-MOD,202503202000-KMSC-UBUS01-PIREP,39000.0,40.370207601865445,-106.84578213315848,2025-03-20 20:31:00,2.0,M,"('KGJX', 'KCYS', 'KFTG', 'KRIW', 'KPUX')","['s3://noaa-nexrad-level2/2025/03/20/KGJX/KGJX20250320_202745_V06', 's3://noaa-nexrad-level2/2025/03/20/KCYS/KCYS20250320_202914_V06', 's3://noaa-nexrad-level2/2025/03/20/KFTG/KFTG20250320_202515_V06', 's3://noaa-nexrad-level2/2025/03/20/KRIW/KRIW20250320_202612_V06', 's3://noaa-nexrad-level2/2025/03/20/KPUX/KPUX20250320_202426_V06']"
95082,F,C82S,FHU UA /OV KSDL-E95 /TM 2032 /FL075 /TP C82S /TB NEG BLO 075 /RM DURD,NEG BLO 075,202503202000-KMSC-UBUS01-PIREP,7500.0,32.806445,-111.130265,2025-03-20 20:32:00,0.0,U,"('KIWA', 'KEMX', 'KFSX', 'KFSX', 'KYUX')","['s3://noaa-nexrad-level2/2025/03/20/KIWA/KIWA20250320_203053_V06', 's3://noaa-nexrad-level2/2025/03/20/KEMX/KEMX20250320_203128_V06', 's3://noaa-nexrad-level2/2025/03/20/KFSX/KFSX20250320_202338_V06', 's3://noaa-nexrad-level2/2025/03/20/KFSX/KFSX20250320_202338_V06', 's3://noaa-nexrad-level2/2025/03/20/KYUX/KYUX20250320_202818_V06']"
95083,F,B737,IAD UA /OV BUBBI/TM 2032/FL130/TP B737/TB MOD/RM DURD ON ANTHM FIVE ARRIVAL,MOD,202503202000-KMSC-UBUS01-PIREP,13000.0,41.77,-99.15,2025-03-20 20:32:00,3.0,M,"('KLNX', 'KUEX', 'KOAX', 'KFSD', 'KGLD')","['s3://noaa-nexrad-level2/2025/03/20/KLNX/KLNX20250320_202835_V06', 's3://noaa-nexrad-level2/2025/03/20/KUEX/KUEX20250320_202700_V06', 's3://noaa-nexrad-level2/2025/03/20/KOAX/KOAX20250320_202508_V06', 's3://noaa-nexrad-level2/2025/03/20/KFSD/KFSD20250320_202623_V06', 's3://noaa-nexrad-level2/2025/03/20/KGLD/KGLD20250320_202454_V06']"
95084,F,CL60,HLN UA /OV HLN300003/TM 2032/FL063/TP CL60/TB LGT-MOD,LGT-MOD,202503202000-KMSC-UBUS01-PIREP,6300.0,46.63060202500203,-112.02663309748912,2025-03-20 20:32:00,2.0,M,"('KTFX', 'KMSX', 'KBLX', 'KSFX', 'KRIW')","['s3://noaa-nexrad-level2/2025/03/20/KTFX/KTFX20250320_202500_V06', 's3://noaa-nexrad-level2/2025/03/20/KMSX/KMSX20250320_202922_V06', 's3://noaa-nexrad-level2/2025/03/20/KBLX/KBLX20250320_202614_V06', 's3://noaa-nexrad-level2/2025/03/20/KSFX/KSFX20250320_202756_V06', 's3://noaa-nexrad-level2/2025/03/20/KRIW/KRIW20250320_202612_V06']"
95085,F,P46T,IAH UA /OV 30 W IAH/TM 2033/FL055/TP P46T/TB MOD TURB 055,MOD TURB 055,202503202000-KMSC-UBUS01-PIREP,5500.0,29.9844,-95.93800630579742,2025-03-20 20:33:00,3.0,L,"('KHGX', 'KGRK', 'KEWX', 'KCRP', 'KLCH')","['s3://noaa-nexrad-level2/2025/03/20/KHGX/KHGX20250320_203115_V06', 's3://noaa-nexrad-level2/2025/03/20/KGRK/KGRK20250320_203110_V06', 's3://noaa-nexrad-level2/2025/03/20/KEWX/KEWX20250320_202734_V06', 's3://noaa-nexrad-level2/2025/03/20/KCRP/KCRP20250320_202522_V06', 's3://noaa-nexrad-level2/2025/03/20/KLCH/KLCH20250320_203030_V06']"
95086,F,A320,ALB UA /OV ALB010002/TM 2033/FL020/TP A320/TB LGT/RM LLWS +/- 10 KT DURD RY19 ALB,LGT,202503202000-KMSC-UBUS01-PIREP,2000.0,42.790399584084,-73.79572593204445,2025-03-20 20:33:00,1.0,M,"('KENX', 'KCXX', 'KTYX', 'KOKX', 'KBGM')","['s3://noaa-nexrad-level2/2025/03/20/KENX/KENX20250320_203023_V06', 's3://noaa-nexrad-level2/2025/03/20/KCXX/KCXX20250320_203016_V06', 's3://noaa-nexrad-level2/2025/03/20/KTYX/KTYX20250320_203032_V06', 's3://noaa-nexrad-level2/2025/03/20/KOKX/KOKX20250320_202747_V06', 's3://noaa-nexrad-level2/2025/03/20/KBGM/KBGM20250320_202943_V06']"
95087,F,PA32,SEP UA /OV JEN/TM 2033/FL060/TP PA32/TB CONS MOD 050-090/RM ZFW,CONS MOD 050-090,202503202000-KMSC-UBUS01-PIREP,6000.0,32.16,-97.88,2025-03-20 20:33:00,3.0,L,"('KFWS', 'KDYX', 'KGRK', 'KFDR', 'KEWX')","['s3://noaa-nexrad-level2/2025/03/20/KFWS/KFWS20250320_202719_V06', 's3://noaa-nexrad-level2/2025/03/20/KDYX/KDYX20250320_202921_V06', 's3://noaa-nexrad-level2/2025/03/20/KGRK/KGRK20250320_203110_V06', 's3://noaa-nexrad-level2/2025/03/20/KFDR/KFDR20250320_203215_V06', 's3://noaa-nexrad-level2/2025/03/20/KEWX/KEWX20250320_202734_V06']"
95088,F,E75L,CEZ UA /OV DVC265020/TM 2033/FL250/TP E75L/TB CONS LGT/RM DURD ZDVWC-68,CONS LGT,202503202000-KMSC-UBUS01-PIREP,25000.0,37.78094573254337,-109.3503438081335,2025-03-20 20:33:00,1.0,U,"('KGJX', 'KICX', 'KABX', 'KFSX', 'KFSX')","['s3://noaa-nexrad-level2/2025/03/20/KGJX/KGJX20250320_202745_V06', 's3://noaa-nexrad-level2/2025/03/20/KICX/KICX20250320_203121_V06', 's3://noaa-nexrad-level2/2025/03/20/KABX/KABX20250320_203231_V06', 's3://noaa-nexrad-level2/2025/03/20/KFSX/KFSX20250320_203223_V06', 's3://noaa-nexrad-level2/2025/03/20/KFSX/KFSX20250320_203223_V06']"
95089,F,A319,RDM UA /OV RDM/TM 2033/FL090/TP A319/TA M06/TB LGT CHOP 090-SFC/IC LGT-MOD RIME 090-070/RM DURD RY23,LGT CHOP 090-SFC,202503202000-KMSC-UBUS01-PIREP,9000.0,44.25389,-121.15,2025-03-20 20:33:00,1.0,M,"('KRTX', 'KMAX', 'KPDT', 'KLGX', 'KATX')","['s3://noaa-nexrad-level2/2025/03/20/KRTX/KRTX20250320_202808_V06', 's3://noaa-nexrad-level2/2025/03/20/KMAX/KMAX20250320_202734_V06', 's3://noaa-nexrad-level2/2025/03/20/KPDT/KPDT20250320_202846_V06', 's3://noaa-nexrad-level2/2025/03/20/KLGX/KLGX20250320_203214_V06', 's3://noaa-nexrad-level2/2025/03/20/KATX/KATX20250320_203016_V06']"
95090,F,CL35,SGF UA /OV SGF/TM 2033/FL390/TP CL35/TB CONS LGT CHOP 390/RM ZKC FDC,CONS LGT CHOP 390,202503202000-KMSC-UBUS01-PIREP,39000.0,37.2397,-93.3897,2025-03-20 20:33:00,1.0,U,"('KSGF', 'KEAX', 'KSRX', 'KINX', 'KLZK')","['s3://noaa-nexrad-level2/2025/03/20/KSGF/KSGF20250320_203128_V06', 's3://noaa-nexrad-level2/2025/03/20/KEAX/KEAX20250320_141950_V06', 's3://noaa-nexrad-level2/2025/03/20/KSRX/KSRX20250320_203005_V06', 's3://noaa-nexrad-level2/2025/03/20/KINX/KINX20250320_203243_V06', 's3://noaa-nexrad-level2/2025/03/20/KLZK/KLZK20250320_203020_V06']"
95091,T,A320,ALB UUA /OV ALB010002/TM 2033/FL020/TP A320/TB LGT/RM LLWS +/- 10KT DURD RY 19,LGT,202503202000-KMSC-UBUS01-PIREP,2000.0,42.790399584084,-73.79572593204445,2025-03-20 20:33:00,1.0,M,"('KENX', 'KCXX', 'KTYX', 'KOKX', 'KBGM')","['s3://noaa-nexrad-level2/2025/03/20/KENX/KENX20250320_203023_V06', 's3://noaa-nexrad-level2/2025/03/20/KCXX/KCXX20250320_203016_V06', 's3://noaa-nexrad-level2/2025/03/20/KTYX/KTYX20250320_203032_V06', 's3://noaa-nexrad-level2/2025/03/20/KOKX/KOKX20250320_202747_V06', 's3://noaa-nexrad-level2/2025/03/20/KBGM/KBGM20250320_202943_V06']"
95092,F,F2TH,GNV UA /OV TAY170020/TM 2034/FL380/TP F2TH/TB NEG,NEG,202503202000-KMSC-UBUS01-PIREP,38000.0,30.171704159160008,-82.48281632394522,2025-03-20 20:34:00,0.0,M,"('KJAX', 'KVAX', 'KTLH', 'KTBW', 'KJGX')","['s3://noaa-nexrad-level2/2025/03/20/KJAX/KJAX20250320_203026_V06', 's3://noaa-nexrad-level2/2025/03/20/KVAX/KVAX20250320_203332_V06', 's3://noaa-nexrad-level2/2025/03/20/KTLH/KTLH20250320_202809_V06', 's3://noaa-nexrad-level2/2025/03/20/KTBW/KTBW20250320_203341_V06', 's3://noaa-nexrad-level2/2025/03/20/KJGX/KJGX20250320_203153_V06']"
95093,F,B190,DLG UA /OV DLG/TM 2034/FL110/TP B190/SK SCT030/TB NEG/IC NEG/RM DURC /ZAN/,NEG,202503202000-KMSC-UBUS01-PIREP,11000.0,59.04,-158.5,2025-03-20 20:34:00,0.0,M,"('PAKC', 'PABC', 'PAHG', 'PAEC', 'PAIH')","['s3://noaa-nexrad-level2/2025/03/20/PAKC/PAKC20250320_203253_V06', 's3://noaa-nexrad-level2/2025/03/20/PAHG/PAHG20250320_203026_V06', 's3://noaa-nexrad-level2/2025/03/20/PAEC/PAEC20250320_203309_V06', 's3://noaa-nexrad-level2/2025/03/20/PAIH/PAIH20250320_203347_V06']"
95094,F,B38M,PDT UA /OV PDT070020/TM 2034/FL350/TP B38M/TB CONS LGT-MOD CHOP/RM STARTED FL345 DURC...ZSE,CONS LGT-MOD CHOP,202503202000-KMSC-UBUS01-PIREP,35000.0,45.809075948995,-118.39295529670432,2025-03-20 20:34:00,2.0,U,"('KPDT', 'KOTX', 'KCBX', 'KRTX', 'KMSX')","['s3://noaa-nexrad-level2/2025/03/20/KPDT/KPDT20250320_202846_V06', 's3://noaa-nexrad-level2/2025/03/20/KOTX/KOTX20250320_203228_V06', 's3://noaa-nexrad-level2/2025/03/20/KCBX/KCBX20250320_202730_V06', 's3://noaa-nexrad-level2/2025/03/20/KRTX/KRTX20250320_203348_V06', 's3://noaa-nexrad-level2/2025/03/20/KMSX/KMSX20250320_202922_V06']"
95095,F,BE20,PNP UA /OV PDN025046/TM 2035/FL010/TP BE20/SK OVC010/WX FV05SM/TB NEG/IC NEG/RM DURD /ZAN/,NEG,202503202000-KMSC-UBUS01-PIREP,1000.0,57.644892251831294,-158.05584711417612,2025-03-20 20:35:00,0.0,M,"('PAKC', 'PABC', 'PAHG', 'PAEC', 'PAIH')","['s3://noaa-nexrad-level2/2025/03/20/PAKC/PAKC20250320_203253_V06', 's3://noaa-nexrad-level2/2025/03/20/PAHG/PAHG20250320_203026_V06', 's3://noaa-nexrad-level2/2025/03/20/PAEC/PAEC20250320_203309_V06', 's3://noaa-nexrad-level2/2025/03/20/PAIH/PAIH20250320_203347_V06']"
95096,F,E75S,GRB UA /OV GRB/TM 2039/FL340/TP E75S/TB CONS LGT CHOP,CONS LGT CHOP,202503202000-KMSC-UBUS01-PIREP,34000.0,44.4794,-88.1367,2025-03-20 20:39:00,1.0,U,"('KGRB', 'KMKX', 'KMQT', 'KLOT', 'KGRR')","['s3://noaa-nexrad-level2/2025/03/20/KGRB/KGRB20250320_203346_V06', 's3://noaa-nexrad-level2/2025/03/20/KMKX/KMKX20250320_203822_V06', 's3://noaa-nexrad-level2/2025/03/20/KMQT/KMQT20250320_203859_V06', 's3://noaa-nexrad-level2/2025/03/20/KLOT/KLOT20250320_203602_V06', 's3://noaa-nexrad-level2/2025/03/20/KGRR/KGRR20250320_203637_V06']"
95097,F,A20N,HTS UA /OV HNN/TM 2039/FL340/TP A20N/TB OCNL LGT CHOP,OCNL LGT CHOP,202503202100-KMSC-UBUS01-PIREP,34000.0,38.75,-82.03,2025-03-20 20:39:00,1.0,U,"('KRLX', 'KJKL', 'KILN', 'KFCX', 'KPBZ')","['s3://noaa-nexrad-level2/2025/03/20/KRLX/KRLX20250320_203217_V06', 's3://noaa-nexrad-level2/2025/03/20/KJKL/KJKL20250320_203311_V06', 's3://noaa-nexrad-level2/2025/03/20/KILN/KILN20250320_203835_V06', 's3://noaa-nexrad-level2/2025/03/20/KFCX/KFCX20250320_203531_V06', 's3://noaa-nexrad-level2/2025/03/20/KPBZ/KPBZ20250320_203754_V06']"
95098,F,PC12,UUA /OV CYAH 180075 /TM 2040 /FL200 /TP PC12 /TB MOD-SEV,MOD-SEV,202503202041-CYQB-UACN01-PIREP,20000.0,52.504618749898746,-73.67528,2025-03-20 20:40:00,4.0,L,"('KCXX', 'KCBW', 'KTYX', 'KGYX', 'KENX')","['s3://noaa-nexrad-level2/2025/03/20/KCXX/KCXX20250320_203655_V06', 's3://noaa-nexrad-level2/2025/03/20/KCBW/KCBW20250320_203931_V06', 's3://noaa-nexrad-level2/2025/03/20/KTYX/KTYX20250320_203944_V06', 's3://noaa-nexrad-level2/2025/03/20/KGYX/KGYX20250320_203536_V06', 's3://noaa-nexrad-level2/2025/03/20/KENX/KENX20250320_203917_V06']"
95099,F,C25B,SAV UA /OV SAV160020/TM 2040/FL430/TP C25B/TB MOD,MOD,202503202000-KMSC-UBUS01-PIREP,43000.0,31.81811126467856,-81.06766387546782,2025-03-20 20:40:00,3.0,U,"('KCLX', 'KJAX', 'KCAE', 'KVAX', 'KJGX')","['s3://noaa-nexrad-level2/2025/03/20/KCLX/KCLX20250320_203548_V06', 's3://noaa-nexrad-level2/2025/03/20/KJAX/KJAX20250320_203727_V06', 's3://noaa-nexrad-level2/2025/03/20/KCAE/KCAE20250320_203759_V06', 's3://noaa-nexrad-level2/2025/03/20/KVAX/KVAX20250320_203332_V06', 's3://noaa-nexrad-level2/2025/03/20/KJGX/KJGX20250320_203854_V06']"
95100,F,MULTI,JBR UA /OV JBR270020/TM 2040/FL080/TP MULTI/TB CONS LGT MOD CHOP 060-070/RM ZME,CONS LGT MOD CHOP 060-070,202503202000-KMSC-UBUS01-PIREP,8000.0,35.83171,-91.05760034445996,2025-03-20 20:40:00,2.0,U,"('KNQA', 'KLZK', 'KPAH', 'KSGF', 'KLSX')","['s3://noaa-nexrad-level2/2025/03/20/KNQA/KNQA20250320_203701_V06', 's3://noaa-nexrad-level2/2025/03/20/KLZK/KLZK20250320_203708_V06', 's3://noaa-nexrad-level2/2025/03/20/KPAH/KPAH20250320_203727_V06', 's3://noaa-nexrad-level2/2025/03/20/KSGF/KSGF20250320_203128_V06', 's3://noaa-nexrad-level2/2025/03/20/KLSX/KLSX20250320_203720_V06']"
95101,F,B38M,GEG UA /OV GEG280043/TM 2041/FL350/TP B38M/TB LGT/RM ZSE,LGT,202503202000-KMSC-UBUS01-PIREP,35000.0,47.74605794094809,-118.57519729811484,2025-03-20 20:41:00,1.0,U,"('KOTX', 'KPDT', 'KATX', 'KMSX', 'KRTX')","['s3://noaa-nexrad-level2/2025/03/20/KOTX/KOTX20250320_203725_V06', 's3://noaa-nexrad-level2/2025/03/20/KPDT/KPDT20250320_203550_V06', 's3://noaa-nexrad-level2/2025/03/20/KATX/KATX20250320_203936_V06', 's3://noaa-nexrad-level2/2025/03/20/KMSX/KMSX20250320_204053_V06', 's3://noaa-nexrad-level2/2025/03/20/KRTX/KRTX20250320_204011_V06']"
95102,F,PC12,BAF UA /OV CTR/TM 2041/FL140/TP PC12/TB CONS LGT OCNL MOD,CONS LGT OCNL MOD,202503202000-KMSC-UBUS01-PIREP,14000.0,42.29,-72.95,2025-03-20 20:41:00,2.0,L,"('KENX', 'KOKX', 'KBOX', 'KCXX', 'KDIX')","['s3://noaa-nexrad-level2/2025/03/20/KENX/KENX20250320_203917_V06', 's3://noaa-nexrad-level2/2025/03/20/KOKX/KOKX20250320_203626_V06', 's3://noaa-nexrad-level2/2025/03/20/KBOX/KBOX20250320_203418_V06', 's3://noaa-nexrad-level2/2025/03/20/KCXX/KCXX20250320_203655_V06', 's3://noaa-nexrad-level2/2025/03/20/KDIX/KDIX20250320_203928_V06']"
95103,F,B737,ALB UA /OV ALB 030010/TM 2042/FL035/TP B737/TB LGT-MOD CHOP BLO 035/RM DURD RY19 ALB,LGT-MOD CHOP BLO 035,202503202000-KMSC-UBUS01-PIREP,3500.0,42.90191925865205,-73.69010365542619,2025-03-20 20:42:00,2.0,M,"('KENX', 'KCXX', 'KTYX', 'KOKX', 'KBGM')","['s3://noaa-nexrad-level2/2025/03/20/KENX/KENX20250320_203917_V06', 's3://noaa-nexrad-level2/2025/03/20/KCXX/KCXX20250320_204118_V06', 's3://noaa-nexrad-level2/2025/03/20/KTYX/KTYX20250320_203944_V06', 's3://noaa-nexrad-level2/2025/03/20/KOKX/KOKX20250320_203626_V06', 's3://noaa-nexrad-level2/2025/03/20/KBGM/KBGM20250320_204046_V06']"
95104,F,B39M,DBQ UA /OV DBQ/TM 2043/FL350/TP B39M/TB LGT CONS MOD OCNL,LGT CONS MOD OCNL,202503202000-KMSC-UBUS01-PIREP,35000.0,42.39835,-90.709143,2025-03-20 20:43:00,2.0,U,"('KDVN', 'KARX', 'KMKX', 'KILX', 'KLOT')","['s3://noaa-nexrad-level2/2025/03/20/KDVN/KDVN20250320_203603_V06', 's3://noaa-nexrad-level2/2025/03/20/KARX/KARX20250320_203921_V06', 's3://noaa-nexrad-level2/2025/03/20/KMKX/KMKX20250320_203822_V06', 's3://noaa-nexrad-level2/2025/03/20/KILX/KILX20250320_203649_V06', 's3://noaa-nexrad-level2/2025/03/20/KLOT/KLOT20250320_203602_V06']"
95105,F,B737,FWA UA /OV FWA/TM 2044/FL340/TP B737/TB NEG,NEG,202503202000-KMSC-UBUS01-PIREP,34000.0,40.97805,-85.18713,2025-03-20 20:44:00,0.0,M,"('KIWX', 'KIND', 'KGRR', 'KILN', 'KDTX')","['s3://noaa-nexrad-level2/2025/03/20/KIWX/KIWX20250320_204003_V06', 's3://noaa-nexrad-level2/2025/03/20/KIND/KIND20250320_204114_V06', 's3://noaa-nexrad-level2/2025/03/20/KGRR/KGRR20250320_203637_V06', 's3://noaa-nexrad-level2/2025/03/20/KILN/KILN20250320_203835_V06', 's3://noaa-nexrad-level2/2025/03/20/KDTX/KDTX20250320_204213_V06']"
95106,F,C525,DCA UA /OV CSN090005/TM 2045/FL150/TP C525/TB MOD TO ALMOST SEV 080-150,MOD TO ALMOST SEV 080-150,202503202000-KMSC-UBUS01-PIREP,15000.0,38.64,-77.76330212211465,2025-03-20 20:45:00,4.0,L,"('KLWX', 'KAKQ', 'KCCX', 'KDOX', 'KFCX')","['s3://noaa-nexrad-level2/2025/03/20/KLWX/KLWX20250320_204459_V06', 's3://noaa-nexrad-level2/2025/03/20/KAKQ/KAKQ20250320_204259_V06', 's3://noaa-nexrad-level2/2025/03/20/KCCX/KCCX20250320_204011_V06', 's3://noaa-nexrad-level2/2025/03/20/KDOX/KDOX20250320_204209_V06', 's3://noaa-nexrad-level2/2025/03/20/KFCX/KFCX20250320_204407_V06']"
95107,F,B739,PDT UA /OV PDT090035/TM 2045/FL340/TP B739/TB CONS LGT-MOD CHOP/RM ZSE,CONS LGT-MOD CHOP,202503202000-KMSC-UBUS01-PIREP,34000.0,45.69506,-118.00622195805026,2025-03-20 20:45:00,2.0,M,"('KPDT', 'KOTX', 'KCBX', 'KMSX', 'KRTX')","['s3://noaa-nexrad-level2/2025/03/20/KPDT/KPDT20250320_204240_V06', 's3://noaa-nexrad-level2/2025/03/20/KOTX/KOTX20250320_204252_V06', 's3://noaa-nexrad-level2/2025/03/20/KCBX/KCBX20250320_204145_V06', 's3://noaa-nexrad-level2/2025/03/20/KMSX/KMSX20250320_204053_V06', 's3://noaa-nexrad-level2/2025/03/20/KRTX/KRTX20250320_204011_V06']"
95108,F,PC12,GUC UA /OV HBU100030/TM 2045/FL200/TP PC12/TB NEG/RM ZDVWC-12,NEG,202503202000-KMSC-UBUS01-PIREP,20000.0,38.36316887840831,-106.41120211165756,2025-03-20 20:45:00,0.0,L,"('KGJX', 'KPUX', 'KFTG', 'KCYS', 'KABX')","['s3://noaa-nexrad-level2/2025/03/20/KGJX/KGJX20250320_204404_V06', 's3://noaa-nexrad-level2/2025/03/20/KPUX/KPUX20250320_203837_V06', 's3://noaa-nexrad-level2/2025/03/20/KFTG/KFTG20250320_204238_V06', 's3://noaa-nexrad-level2/2025/03/20/KCYS/KCYS20250320_203859_V06', 's3://noaa-nexrad-level2/2025/03/20/KABX/KABX20250320_204154_V06']"
95109,F,C56X,RIL UA /OV RIL240015/TM 2045/FL190/TP C56X/TA M05/TB NEG BLO 260/IC NEG/RM IMC ZDVWC-,NEG BLO 260,202503202000-KMSC-UBUS01-PIREP,19000.0,39.401299874989874,-108.007654103409,2025-03-20 20:45:00,0.0,M,"('KGJX', 'KFTG', 'KCYS', 'KRIW', 'KPUX')","['s3://noaa-nexrad-level2/2025/03/20/KGJX/KGJX20250320_204404_V06', 's3://noaa-nexrad-level2/2025/03/20/KFTG/KFTG20250320_204238_V06', 's3://noaa-nexrad-level2/2025/03/20/KCYS/KCYS20250320_203859_V06', 's3://noaa-nexrad-level2/2025/03/20/KRIW/KRIW20250320_204336_V06', 's3://noaa-nexrad-level2/2025/03/20/KPUX/KPUX20250320_203837_V06']"
95110,F,C56X,RIL UA /OV RIL240015/TM 2045/FL190/TP C56X/TA M05/TB NEG BLO 260/IC NEG/RM IMC ZDVWC,NEG BLO 260,202503202055-KWBC-UBUS31-PRCUS,19000.0,39.401299874989874,-108.007654103409,2025-03-20 20:45:00,0.0,M,"('KGJX', 'KFTG', 'KCYS', 'KRIW', 'KPUX')","['s3://noaa-nexrad-level2/2025/03/20/KGJX/KGJX20250320_204404_V06', 's3://noaa-nexrad-level2/2025/03/20/KFTG/KFTG20250320_204238_V06', 's3://noaa-nexrad-level2/2025/03/20/KCYS/KCYS20250320_203859_V06', 's3://noaa-nexrad-level2/2025/03/20/KRIW/KRIW20250320_204336_V06', 's3://noaa-nexrad-level2/2025/03/20/KPUX/KPUX20250320_203837_V06']"
95111,F,B737,BUF UA /OV BUF/TM 2045/FL023/TP B737/TA -4/TB MOD/IC LT CLR 085-075,MOD,202503202000-KMSC-UBUS01-PIREP,2300.0,42.9408,-78.7358,2025-03-20 20:45:00,3.0,M,"('KBUF', 'KCCX', 'KPBZ', 'KBGM', 'KTYX')","['s3://noaa-nexrad-level2/2025/03/20/KBUF/KBUF20250320_204112_V06', 's3://noaa-nexrad-level2/2025/03/20/KCCX/KCCX20250320_204011_V06', 's3://noaa-nexrad-level2/2025/03/20/KPBZ/KPBZ20250320_204229_V06', 's3://noaa-nexrad-level2/2025/03/20/KBGM/KBGM20250320_204046_V06', 's3://noaa-nexrad-level2/2025/03/20/KTYX/KTYX20250320_204420_V06']"
95112,F,B737,INW UA /OV INW030020/TM 2045/FL390/TP B737/TB CONS LGT/RM ZAB/FDCS,CONS LGT,202503210200-KMSC-UBUS01-PIREP,39000.0,35.3106185173041,-110.51899655007853,2025-03-20 20:45:00,1.0,M,"('KFSX', 'KFSX', 'KIWA', 'KICX', 'KEMX')","['s3://noaa-nexrad-level2/2025/03/20/KFSX/KFSX20250320_204110_V06', 's3://noaa-nexrad-level2/2025/03/20/KFSX/KFSX20250320_204110_V06', 's3://noaa-nexrad-level2/2025/03/20/KIWA/KIWA20250320_203940_V06', 's3://noaa-nexrad-level2/2025/03/20/KICX/KICX20250320_203951_V06', 's3://noaa-nexrad-level2/2025/03/20/KEMX/KEMX20250320_203823_V06']"
95113,F,B752,HDN UA /OV HDN/TM 2046/FL200/TP B752/SK BASE190/TB NEG BLO 200/IC NEG/RM ZDVWC-,NEG BLO 200,202503202000-KMSC-UBUS01-PIREP,20000.0,40.48,-107.22,2025-03-20 20:46:00,0.0,M,"('KGJX', 'KCYS', 'KFTG', 'KRIW', 'KPUX')","['s3://noaa-nexrad-level2/2025/03/20/KGJX/KGJX20250320_204404_V06', 's3://noaa-nexrad-level2/2025/03/20/KCYS/KCYS20250320_203859_V06', 's3://noaa-nexrad-level2/2025/03/20/KFTG/KFTG20250320_204238_V06', 's3://noaa-nexrad-level2/2025/03/20/KRIW/KRIW20250320_204336_V06', 's3://noaa-nexrad-level2/2025/03/20/KPUX/KPUX20250320_204543_V06']"
95114,F,B752,HDN UA /OV HDN/TM 2046/FL200/TP B752/SK BASE190/TB NEG BLO 200/IC NEG/RM ZDVWC,NEG BLO 200,202503202055-KWBC-UBUS31-PRCUS,20000.0,40.48,-107.22,2025-03-20 20:46:00,0.0,M,"('KGJX', 'KCYS', 'KFTG', 'KRIW', 'KPUX')","['s3://noaa-nexrad-level2/2025/03/20/KGJX/KGJX20250320_204404_V06', 's3://noaa-nexrad-level2/2025/03/20/KCYS/KCYS20250320_203859_V06', 's3://noaa-nexrad-level2/2025/03/20/KFTG/KFTG20250320_204238_V06', 's3://noaa-nexrad-level2/2025/03/20/KRIW/KRIW20250320_204336_V06', 's3://noaa-nexrad-level2/2025/03/20/KPUX/KPUX20250320_204543_V06']"
95115,F,A320,LOZ UA /OV AZQ150010/TM 2046/FL380/TP A320/TB OCNL LGT CHOP,OCNL LGT CHOP,202503202100-KMSC-UBUS01-PIREP,38000.0,37.24565074134795,-83.15510645575154,2025-03-20 20:46:00,1.0,M,"('KJKL', 'KMRX', 'KRLX', 'KILN', 'KGSP')","['s3://noaa-nexrad-level2/2025/03/20/KJKL/KJKL20250320_204343_V06', 's3://noaa-nexrad-level2/2025/03/20/KMRX/KMRX20250320_204014_V06', 's3://noaa-nexrad-level2/2025/03/20/KRLX/KRLX20250320_203914_V06', 's3://noaa-nexrad-level2/2025/03/20/KILN/KILN20250320_204408_V06', 's3://noaa-nexrad-level2/2025/03/20/KGSP/KGSP20250320_204149_V06']"
95116,F,C425,LOZ UA /OV LOZ180040/TM 2046/FL160/TP C425/TA M10/TB NEG,NEG,202503202100-KMSC-UBUS01-PIREP,16000.0,36.42027933327934,-84.077,2025-03-20 20:46:00,0.0,L,"('KMRX', 'KJKL', 'KGSP', 'KLVX', 'KOHX')","['s3://noaa-nexrad-level2/2025/03/20/KMRX/KMRX20250320_204014_V06', 's3://noaa-nexrad-level2/2025/03/20/KJKL/KJKL20250320_204343_V06', 's3://noaa-nexrad-level2/2025/03/20/KGSP/KGSP20250320_204149_V06', 's3://noaa-nexrad-level2/2025/03/20/KLVX/KLVX20250320_204340_V06', 's3://noaa-nexrad-level2/2025/03/20/KOHX/KOHX20250320_204109_V06']"
95117,F,CRJ9,SYM UA /OV SYM/TM 2046/FL220/TP CRJ9/TB NEG,NEG,202503202100-KMSC-UBUS01-PIREP,22000.0,38.215,-83.5874,2025-03-20 20:46:00,0.0,U,"('KJKL', 'KILN', 'KRLX', 'KMRX', 'KLVX')","['s3://noaa-nexrad-level2/2025/03/20/KJKL/KJKL20250320_204343_V06', 's3://noaa-nexrad-level2/2025/03/20/KILN/KILN20250320_204408_V06', 's3://noaa-nexrad-level2/2025/03/20/KRLX/KRLX20250320_203914_V06', 's3://noaa-nexrad-level2/2025/03/20/KMRX/KMRX20250320_204014_V06', 's3://noaa-nexrad-level2/2025/03/20/KLVX/KLVX20250320_204340_V06']"
95118,F,DA62,CVG UA /OV CVG180040/TM 2046/FL110/TP DA62/TA M07/TB NEG,NEG,202503202100-KMSC-UBUS01-PIREP,11000.0,38.37633933327933,-84.67167,2025-03-20 20:46:00,0.0,U,"('KLVX', 'KILN', 'KJKL', 'KIND', 'KMRX')","['s3://noaa-nexrad-level2/2025/03/20/KLVX/KLVX20250320_204340_V06', 's3://noaa-nexrad-level2/2025/03/20/KILN/KILN20250320_204408_V06', 's3://noaa-nexrad-level2/2025/03/20/KJKL/KJKL20250320_204343_V06', 's3://noaa-nexrad-level2/2025/03/20/KIND/KIND20250320_204114_V06', 's3://noaa-nexrad-level2/2025/03/20/KMRX/KMRX20250320_204014_V06']"
95119,F,B739,PDT UA /OV PDT070020/TM 2047/FL320/TP B739/TB NEG 320 LGT-MOD CHOP 340-360/RM ZSE,NEG 320 LGT-MOD CHOP 340-360,202503202000-KMSC-UBUS01-PIREP,32000.0,45.809075948995,-118.39295529670432,2025-03-20 20:47:00,2.0,M,"('KPDT', 'KOTX', 'KCBX', 'KRTX', 'KMSX')","['s3://noaa-nexrad-level2/2025/03/20/KPDT/KPDT20250320_204240_V06', 's3://noaa-nexrad-level2/2025/03/20/KOTX/KOTX20250320_204252_V06', 's3://noaa-nexrad-level2/2025/03/20/KCBX/KCBX20250320_204145_V06', 's3://noaa-nexrad-level2/2025/03/20/KRTX/KRTX20250320_204551_V06', 's3://noaa-nexrad-level2/2025/03/20/KMSX/KMSX20250320_204639_V06']"
95120,F,C68A,ALS UA /OV ALS025030/TM 2047/FL400/TP C68A/TB NEG/RM MTW +/-15KT ZDVWC-46,NEG,202503202000-KMSC-UBUS01-PIREP,40000.0,37.8920805990204,-105.59523676603204,2025-03-20 20:47:00,0.0,U,"('KPUX', 'KFTG', 'KGJX', 'KABX', 'KCYS')","['s3://noaa-nexrad-level2/2025/03/20/KPUX/KPUX20250320_204543_V06', 's3://noaa-nexrad-level2/2025/03/20/KFTG/KFTG20250320_204238_V06', 's3://noaa-nexrad-level2/2025/03/20/KGJX/KGJX20250320_204404_V06', 's3://noaa-nexrad-level2/2025/03/20/KABX/KABX20250320_204635_V06', 's3://noaa-nexrad-level2/2025/03/20/KCYS/KCYS20250320_203859_V06']"
95121,F,A320,HGR UA /OV HGT330020/TM 2048/FL160/TP A320/TB MOD 210-160/RM DURD,MOD 210-160,202503202000-KMSC-UBUS01-PIREP,16000.0,36.2786985173041,-121.4360018974627,2025-03-20 20:48:00,3.0,M,"('KMUX', 'KVBX', 'KHNX', 'KDAX', 'KVTX')","['s3://noaa-nexrad-level2/2025/03/20/KMUX/KMUX20250320_204121_V06', 's3://noaa-nexrad-level2/2025/03/20/KVBX/KVBX20250320_204528_V06', 's3://noaa-nexrad-level2/2025/03/20/KHNX/KHNX20250320_204420_V06', 's3://noaa-nexrad-level2/2025/03/20/KDAX/KDAX20250320_204634_V06', 's3://noaa-nexrad-level2/2025/03/20/KVTX/KVTX20250320_204643_V06']"
95122,F,DC3T,ADQ UA /OV ODK/TM 2049/FL100/TP DC3T/SK TOP100/WX HZ AT 120/TA M17/TB NEG/IC TRACE/RM DURC /ZAN/,NEG,202503202000-KMSC-UBUS01-PIREP,10000.0,57.75,-152.5,2025-03-20 20:49:00,0.0,M,"('PAHG', 'PAKC', 'PAIH', 'PAIH', 'PAPD')","['s3://noaa-nexrad-level2/2025/03/20/PAHG/PAHG20250320_204846_V06', 's3://noaa-nexrad-level2/2025/03/20/PAKC/PAKC20250320_204701_V06', 's3://noaa-nexrad-level2/2025/03/20/PAIH/PAIH20250320_204752_V06', 's3://noaa-nexrad-level2/2025/03/20/PAIH/PAIH20250320_204752_V06', 's3://noaa-nexrad-level2/2025/03/20/PAPD/PAPD20250320_204842_V06']"
95123,F,B739,MCI UA /OV MCI/TM 2049/FL350/TP B739/TB LGT/RM ZKC FDC,LGT,202503202000-KMSC-UBUS01-PIREP,35000.0,39.29761,-94.71391,2025-03-20 20:49:00,1.0,M,"('KEAX', 'KTWX', 'KSGF', 'KOAX', 'KDMX')","['s3://noaa-nexrad-level2/2025/03/20/KEAX/KEAX20250320_141950_V06', 's3://noaa-nexrad-level2/2025/03/20/KTWX/KTWX20250320_204222_V06', 's3://noaa-nexrad-level2/2025/03/20/KSGF/KSGF20250320_204835_V06', 's3://noaa-nexrad-level2/2025/03/20/KOAX/KOAX20250320_204549_V06', 's3://noaa-nexrad-level2/2025/03/20/KDMX/KDMX20250320_204503_V06']"
95124,F,PC12,LEB UA /OV LEB/TM 2050/FL140/TP PC12/TB MOD CHOP/RM LITTLE POCKET,MOD CHOP,202503202000-KMSC-UBUS01-PIREP,14000.0,43.62611,-72.30419,2025-03-20 20:50:00,3.0,L,"('KCXX', 'KBOX', 'KENX', 'KGYX', 'KOKX')","['s3://noaa-nexrad-level2/2025/03/20/KCXX/KCXX20250320_204956_V06', 's3://noaa-nexrad-level2/2025/03/20/KBOX/KBOX20250320_204812_V06', 's3://noaa-nexrad-level2/2025/03/20/KENX/KENX20250320_204809_V06', 's3://noaa-nexrad-level2/2025/03/20/KGYX/KGYX20250320_204922_V06', 's3://noaa-nexrad-level2/2025/03/20/KOKX/KOKX20250320_204506_V06']"
95125,F,DA40,SPW UA /OV SPW/TM 2050/FL060/TP DA40/SK SKC/TB NEG/IC NEG/RM DURD,NEG,202503202000-KMSC-UBUS01-PIREP,6000.0,43.168218,-95.210088,2025-03-20 20:50:00,0.0,L,"('KFSD', 'KDMX', 'KOAX', 'KMPX', 'KABR')","['s3://noaa-nexrad-level2/2025/03/20/KFSD/KFSD20250320_204652_V06', 's3://noaa-nexrad-level2/2025/03/20/KDMX/KDMX20250320_204503_V06', 's3://noaa-nexrad-level2/2025/03/20/KOAX/KOAX20250320_204549_V06', 's3://noaa-nexrad-level2/2025/03/20/KMPX/KMPX20250320_204552_V06', 's3://noaa-nexrad-level2/2025/03/20/KABR/KABR20250320_204403_V06']"
95126,F,C68A,BDL UA /OV BDL090010/TM 2050/FL160/TP C68A/TB MOD/IC UNDEFINED,MOD,202503202000-KMSC-UBUS01-PIREP,16000.0,41.9381,-72.4584275501213,2025-03-20 20:50:00,3.0,U,"('KOKX', 'KBOX', 'KENX', 'KCXX', 'KDIX')","['s3://noaa-nexrad-level2/2025/03/20/KOKX/KOKX20250320_204506_V06', 's3://noaa-nexrad-level2/2025/03/20/KBOX/KBOX20250320_204812_V06', 's3://noaa-nexrad-level2/2025/03/20/KENX/KENX20250320_204809_V06', 's3://noaa-nexrad-level2/2025/03/20/KCXX/KCXX20250320_204956_V06', 's3://noaa-nexrad-level2/2025/03/20/KDIX/KDIX20250320_204627_V06']"
95127,F,B38M,DEN UA /OV DEN310070/TM 2050/FL250/TP B38M/SK SKC/TB LGT CHOP BLO 260/IC NEG/RM ZDVWC-,LGT CHOP BLO 260,202503202000-KMSC-UBUS01-PIREP,25000.0,40.58277962145749,-105.82141610049943,2025-03-20 20:50:00,1.0,U,"('KCYS', 'KFTG', 'KPUX', 'KGJX', 'KRIW')","['s3://noaa-nexrad-level2/2025/03/20/KCYS/KCYS20250320_204842_V06', 's3://noaa-nexrad-level2/2025/03/20/KFTG/KFTG20250320_204238_V06', 's3://noaa-nexrad-level2/2025/03/20/KPUX/KPUX20250320_204543_V06', 's3://noaa-nexrad-level2/2025/03/20/KGJX/KGJX20250320_204939_V06', 's3://noaa-nexrad-level2/2025/03/20/KRIW/KRIW20250320_204336_V06']"
95128,F,B38M,DEN UA /OV DEN310070/TM 2050/FL250/TP B38M/SK SKC/TB LGT CHOP BLO 260/IC NEG/RM ZDVWC,LGT CHOP BLO 260,202503202100-KWBC-UBUS31-PRCUS,25000.0,40.58277962145749,-105.82141610049943,2025-03-20 20:50:00,1.0,U,"('KCYS', 'KFTG', 'KPUX', 'KGJX', 'KRIW')","['s3://noaa-nexrad-level2/2025/03/20/KCYS/KCYS20250320_204842_V06', 's3://noaa-nexrad-level2/2025/03/20/KFTG/KFTG20250320_204238_V06', 's3://noaa-nexrad-level2/2025/03/20/KPUX/KPUX20250320_204543_V06', 's3://noaa-nexrad-level2/2025/03/20/KGJX/KGJX20250320_204939_V06', 's3://noaa-nexrad-level2/2025/03/20/KRIW/KRIW20250320_204336_V06']"
95129,F,F2TH,JOT UA /OV GIJ090030/TM 2052/FL240/TP F2TH/TB MOD CHOP,MOD CHOP,202503202000-KMSC-UBUS01-PIREP,24000.0,41.77,-85.64954704959466,2025-03-20 20:52:00,3.0,M,"('KIWX', 'KGRR', 'KIND', 'KDTX', 'KLOT')","['s3://noaa-nexrad-level2/2025/03/20/KIWX/KIWX20250320_204832_V06', 's3://noaa-nexrad-level2/2025/03/20/KGRR/KGRR20250320_204507_V06', 's3://noaa-nexrad-level2/2025/03/20/KIND/KIND20250320_204816_V06', 's3://noaa-nexrad-level2/2025/03/20/KDTX/KDTX20250320_204918_V06', 's3://noaa-nexrad-level2/2025/03/20/KLOT/KLOT20250320_204959_V06']"
95130,F,E170,OKC UA /OV OKC090060/TM 2052/FL240/TP E170/TB MOD/RM ZKC FDC,MOD,202503202000-KMSC-UBUS01-PIREP,24000.0,35.3889,-96.37386800283085,2025-03-20 20:52:00,3.0,U,"('KTLX', 'KOUN', 'KINX', 'KSRX', 'KVNX')","['s3://noaa-nexrad-level2/2025/03/20/KTLX/KTLX20250320_205146_V06', 's3://noaa-nexrad-level2/2025/03/20/KINX/KINX20250320_204948_V06', 's3://noaa-nexrad-level2/2025/03/20/KSRX/KSRX20250320_204656_V06', 's3://noaa-nexrad-level2/2025/03/20/KVNX/KVNX20250320_205155_V06']"
95131,F,E75L,PUW UA /OV MQG190035/TM 2052/FL240/TP E75L/TB MOD 240-220/RM DURD...ZSE,MOD 240-220,202503202000-KMSC-UBUS01-PIREP,24000.0,45.80548227853002,-117.01684308579529,2025-03-20 20:52:00,3.0,U,"('KPDT', 'KOTX', 'KCBX', 'KMSX', 'KLRX')","['s3://noaa-nexrad-level2/2025/03/20/KPDT/KPDT20250320_204916_V06', 's3://noaa-nexrad-level2/2025/03/20/KOTX/KOTX20250320_204802_V06', 's3://noaa-nexrad-level2/2025/03/20/KCBX/KCBX20250320_204854_V06', 's3://noaa-nexrad-level2/2025/03/20/KMSX/KMSX20250320_204639_V06', 's3://noaa-nexrad-level2/2025/03/20/KLRX/KLRX20250320_205152_V06']"
95132,F,B777,TBN UA /OV MAP120025/TM 2052/FL360/TP B777/TB NEG/RM ZKC FDC,NEG,202503202000-KMSC-UBUS01-PIREP,36000.0,37.38164979164979,-91.3345798676394,2025-03-20 20:52:00,0.0,H,"('KLSX', 'KSGF', 'KNQA', 'KPAH', 'KLZK')","['s3://noaa-nexrad-level2/2025/03/20/KLSX/KLSX20250320_205104_V06', 's3://noaa-nexrad-level2/2025/03/20/KSGF/KSGF20250320_204835_V06', 's3://noaa-nexrad-level2/2025/03/20/KNQA/KNQA20250320_204525_V06', 's3://noaa-nexrad-level2/2025/03/20/KPAH/KPAH20250320_204549_V06', 's3://noaa-nexrad-level2/2025/03/20/KLZK/KLZK20250320_205044_V06']"
95133,F,A319,MZZ UA /OV MZZ/TM 2054/FL230/TP A319/TA M33/TB NEG/IC NEG,NEG,202503202000-KMSC-UBUS01-PIREP,23000.0,40.4898637,-85.6797319,2025-03-20 20:54:00,0.0,M,"('KIWX', 'KIND', 'KILN', 'KGRR', 'KLVX')","['s3://noaa-nexrad-level2/2025/03/20/KIWX/KIWX20250320_204832_V06', 's3://noaa-nexrad-level2/2025/03/20/KIND/KIND20250320_204816_V06', 's3://noaa-nexrad-level2/2025/03/20/KILN/KILN20250320_204942_V06', 's3://noaa-nexrad-level2/2025/03/20/KGRR/KGRR20250320_205325_V06', 's3://noaa-nexrad-level2/2025/03/20/KLVX/KLVX20250320_205038_V06']"
95134,F,A321,ATL UA /OV AHN180020/TM 2054/FL250/TP A321/TB LGT/RM ZTLFD 20,LGT,202503202000-KMSC-UBUS01-PIREP,25000.0,33.61523966663967,-83.32635,2025-03-20 20:54:00,1.0,M,"('KJGX', 'KFFC', 'KGSP', 'KCAE', 'KCLX')","['s3://noaa-nexrad-level2/2025/03/20/KJGX/KJGX20250320_205238_V06', 's3://noaa-nexrad-level2/2025/03/20/KFFC/KFFC20250320_204823_V06', 's3://noaa-nexrad-level2/2025/03/20/KGSP/KGSP20250320_205016_V06', 's3://noaa-nexrad-level2/2025/03/20/KCAE/KCAE20250320_205150_V06', 's3://noaa-nexrad-level2/2025/03/20/KCLX/KCLX20250320_205304_V06']"
95135,F,B739,ELP UA /OV ELP300128/TM 2054/FL350/TP B739/TB CONS LGT 330-345 DURC/RM ZAB/FDCS,CONS LGT 330-345 DURC,202503210200-KMSC-UBUS01-PIREP,35000.0,32.877863066753065,-108.55009591271772,2025-03-20 20:54:00,1.0,M,"('KEPZ', 'KEMX', 'KHDX', 'KABX', 'KFSX')","['s3://noaa-nexrad-level2/2025/03/20/KEPZ/KEPZ20250320_204710_V06', 's3://noaa-nexrad-level2/2025/03/20/KEMX/KEMX20250320_205213_V06', 's3://noaa-nexrad-level2/2025/03/20/KHDX/KHDX20250320_204831_V06', 's3://noaa-nexrad-level2/2025/03/20/KABX/KABX20250320_205118_V06', 's3://noaa-nexrad-level2/2025/03/20/KFSX/KFSX20250320_204957_V06']"
95136,F,A321,CLE UA /OV CLE/TM 2056/FL060/TP A321/TA M04/TB NEG/IC MOD RIME /RM DURD 105-040,NEG,202503202100-KMSC-UBUS01-PIREP,6000.0,41.405,-81.85278,2025-03-20 20:56:00,0.0,M,"('KCLE', 'KPBZ', 'KDTX', 'KILN', 'KRLX')","['s3://noaa-nexrad-level2/2025/03/20/KCLE/KCLE20250320_205354_V06', 's3://noaa-nexrad-level2/2025/03/20/KPBZ/KPBZ20250320_205139_V06', 's3://noaa-nexrad-level2/2025/03/20/KDTX/KDTX20250320_204918_V06', 's3://noaa-nexrad-level2/2025/03/20/KILN/KILN20250320_205515_V06', 's3://noaa-nexrad-level2/2025/03/20/KRLX/KRLX20250320_205300_V06']"
95137,F,E170,BIV UA /OV PMM270010/TM 2057/FL200/TP E170/TB NEG,NEG,202503202000-KMSC-UBUS01-PIREP,20000.0,42.47,-86.33596687580913,2025-03-20 20:57:00,0.0,U,"('KGRR', 'KIWX', 'KLOT', 'KMKX', 'KGRB')","['s3://noaa-nexrad-level2/2025/03/20/KGRR/KGRR20250320_205325_V06', 's3://noaa-nexrad-level2/2025/03/20/KIWX/KIWX20250320_204832_V06', 's3://noaa-nexrad-level2/2025/03/20/KLOT/KLOT20250320_205659_V06', 's3://noaa-nexrad-level2/2025/03/20/KMKX/KMKX20250320_205150_V06', 's3://noaa-nexrad-level2/2025/03/20/KGRB/KGRB20250320_205415_V06']"
95138,F,B739,RNO UA /OV KRNO167001/TM 2057/FL045/TP B739/TB CONS LGT DURD RY35R RNO/RM LLWS -5KT 045 DURD RY35R RNO,CONS LGT DURD RY35R RNO,202503202100-KMSC-UBUS01-PIREP,4500.0,39.46764918351935,-119.7662519131863,2025-03-20 20:57:00,1.0,M,"('KRGX', 'KBBX', 'KDAX', 'KMUX', 'KHNX')","['s3://noaa-nexrad-level2/2025/03/20/KRGX/KRGX20250320_205444_V06', 's3://noaa-nexrad-level2/2025/03/20/KBBX/KBBX20250320_205216_V06', 's3://noaa-nexrad-level2/2025/03/20/KDAX/KDAX20250320_205335_V06', 's3://noaa-nexrad-level2/2025/03/20/KMUX/KMUX20250320_204944_V06', 's3://noaa-nexrad-level2/2025/03/20/KHNX/KHNX20250320_205124_V06']"
95139,F,E170,TIP UA /OV RBS/TM 2058/FL260/TP E170/TB MOD CAT 260-270,MOD CAT 260-270,202503202100-KMSC-UBUS01-PIREP,26000.0,40.58,-88.16,2025-03-20 20:58:00,3.0,U,"('KLOT', 'KILX', 'KIND', 'KVWX', 'KMKX')","['s3://noaa-nexrad-level2/2025/03/20/KLOT/KLOT20250320_205659_V06', 's3://noaa-nexrad-level2/2025/03/20/KILX/KILX20250320_205711_V06', 's3://noaa-nexrad-level2/2025/03/20/KIND/KIND20250320_205510_V06', 's3://noaa-nexrad-level2/2025/03/20/KVWX/KVWX20250320_205725_V06', 's3://noaa-nexrad-level2/2025/03/20/KMKX/KMKX20250320_205150_V06']"
95140,F,C130,CDB UA /OV CDB /TM 2058 /FL030 /TP C130 /TB NEG /IC NEG /RM DURCRWY 33 (AKFSS),NEG,202503202100-KMSC-UBUS01-PIREP,3000.0,55.2,-162.72,2025-03-20 20:58:00,0.0,M,"('PABC', 'PAKC', 'PAEC', 'PAHG', 'PAIH')","['s3://noaa-nexrad-level2/2025/03/20/PAKC/PAKC20250320_205404_V06', 's3://noaa-nexrad-level2/2025/03/20/PAEC/PAEC20250320_205326_V06', 's3://noaa-nexrad-level2/2025/03/20/PAHG/PAHG20250320_205757_V06', 's3://noaa-nexrad-level2/2025/03/20/PAIH/PAIH20250320_205455_V06']"
95141,F,C130,CDB UA /OV CDB /TM 2058 /FL030 /TP C130 /TB NEG /IC NEG /RM DURC RWY 33 (AKFSS,NEG,202503202105-KWBC-UBAK90-PIREP,3000.0,55.2,-162.72,2025-03-20 20:58:00,0.0,M,"('PABC', 'PAKC', 'PAEC', 'PAHG', 'PAIH')","['s3://noaa-nexrad-level2/2025/03/20/PAKC/PAKC20250320_205404_V06', 's3://noaa-nexrad-level2/2025/03/20/PAEC/PAEC20250320_205326_V06', 's3://noaa-nexrad-level2/2025/03/20/PAHG/PAHG20250320_205757_V06', 's3://noaa-nexrad-level2/2025/03/20/PAIH/PAIH20250320_205455_V06']"
95142,F,BE58,AMG UA /OV AMG030050/TM 2059/FL060/TP BE58/TB CONS MOD,CONS MOD,202503202100-KMSC-UBUS01-PIREP,6000.0,32.257806293260245,-82.01765355389566,2025-03-20 20:59:00,3.0,L,"('KCLX', 'KJGX', 'KVAX', 'KJAX', 'KCAE')","['s3://noaa-nexrad-level2/2025/03/20/KCLX/KCLX20250320_205723_V06', 's3://noaa-nexrad-level2/2025/03/20/KJGX/KJGX20250320_205238_V06', 's3://noaa-nexrad-level2/2025/03/20/KVAX/KVAX20250320_205422_V06', 's3://noaa-nexrad-level2/2025/03/20/KJAX/KJAX20250320_205825_V06', 's3://noaa-nexrad-level2/2025/03/20/KCAE/KCAE20250320_205627_V06']"
95143,F,E75S,ALB UA /OV CAM040025/TM 2100/FL220/TP E75S/TB CONS LGT CHOP,CONS LGT CHOP,202503202100-KMSC-UBUS01-PIREP,22000.0,43.30921103865872,-72.97382111611392,2025-03-20 21:00:00,1.0,U,"('KCXX', 'KENX', 'KBOX', 'KOKX', 'KTYX')","['s3://noaa-nexrad-level2/2025/03/20/KCXX/KCXX20250320_205833_V06', 's3://noaa-nexrad-level2/2025/03/20/KENX/KENX20250320_205702_V06', 's3://noaa-nexrad-level2/2025/03/20/KBOX/KBOX20250320_205503_V06', 's3://noaa-nexrad-level2/2025/03/20/KOKX/KOKX20250320_205345_V06', 's3://noaa-nexrad-level2/2025/03/20/KTYX/KTYX20250320_205800_V06']"
95144,F,BE36,OLS UA /OV MMLT-OLS175030 /TM 2100 /FL085 /TP BE36 /TB NEG BLO 085 /RM DURC,NEG BLO 085,202503202100-KMSC-UBUS01-PIREP,8500.0,31.42083,-110.84583,2025-03-20 21:00:00,0.0,L,"('KEMX', 'KIWA', 'KFSX', 'KFSX', 'KYUX')","['s3://noaa-nexrad-level2/2025/03/20/KEMX/KEMX20250320_205409_V06', 's3://noaa-nexrad-level2/2025/03/20/KIWA/KIWA20250320_205819_V06', 's3://noaa-nexrad-level2/2025/03/20/KFSX/KFSX20250320_205844_V06', 's3://noaa-nexrad-level2/2025/03/20/KFSX/KFSX20250320_205844_V06', 's3://noaa-nexrad-level2/2025/03/20/KYUX/KYUX20250320_205424_V06']"
95145,F,B737,LOZ UA /OV LVT/TM 2100/FL240/TP B737/TB CONS LGT DURC 230-310,CONS LGT DURC 230-310,202503202100-KMSC-UBUS01-PIREP,24000.0,36.58,-85.17,2025-03-20 21:00:00,1.0,M,"('KOHX', 'KLVX', 'KMRX', 'KHTX', 'KJKL')","['s3://noaa-nexrad-level2/2025/03/20/KOHX/KOHX20250320_205816_V06', 's3://noaa-nexrad-level2/2025/03/20/KLVX/KLVX20250320_205742_V06', 's3://noaa-nexrad-level2/2025/03/20/KMRX/KMRX20250320_205610_V06', 's3://noaa-nexrad-level2/2025/03/20/KHTX/KHTX20250320_205708_V06', 's3://noaa-nexrad-level2/2025/03/20/KJKL/KJKL20250320_205808_V06']"
95146,F,LJ75,FSM UA /OV FSM320010/TM 2102/FL260/TP LJ75/TB MOD CHOP260-240/RM ZME,MOD CHOP260-240,202503202100-KMSC-UBUS01-PIREP,26000.0,35.46426441546348,-94.49877621427032,2025-03-20 21:02:00,3.0,U,"('KSRX', 'KINX', 'KSGF', 'KLZK', 'KTLX')","['s3://noaa-nexrad-level2/2025/03/20/KSRX/KSRX20250320_205534_V06', 's3://noaa-nexrad-level2/2025/03/20/KINX/KINX20250320_205824_V06', 's3://noaa-nexrad-level2/2025/03/20/KSGF/KSGF20250320_205709_V06', 's3://noaa-nexrad-level2/2025/03/20/KLZK/KLZK20250320_205732_V06', 's3://noaa-nexrad-level2/2025/03/20/KTLX/KTLX20250320_205848_V06']"
95147,F,B38M,ATL UA /OV MCN270040/TM 2102/FL350/TP B38M/TB LGT/RM ZTLFD 27,LGT,202503202100-KMSC-UBUS01-PIREP,35000.0,32.69285,-84.44143664349751,2025-03-20 21:02:00,1.0,U,"('KFFC', 'KJGX', 'KMXX', 'KEOX', 'KTLH')","['s3://noaa-nexrad-level2/2025/03/20/KFFC/KFFC20250320_205509_V06', 's3://noaa-nexrad-level2/2025/03/20/KJGX/KJGX20250320_205940_V06', 's3://noaa-nexrad-level2/2025/03/20/KMXX/KMXX20250320_205621_V06', 's3://noaa-nexrad-level2/2025/03/20/KEOX/KEOX20250320_143812_V06', 's3://noaa-nexrad-level2/2025/03/20/KTLH/KTLH20250320_205546_V06']"
95148,F,GL5T,FDK UA /OV FDK13102/TM 2102/FL100/TP GL5T/TB MOD,MOD,202503202100-KMSC-UBUS01-PIREP,10000.0,39.41758,-77.37431,2025-03-20 21:02:00,3.0,U,"('KLWX', 'KCCX', 'KDOX', 'KAKQ', 'KDIX')","['s3://noaa-nexrad-level2/2025/03/20/KLWX/KLWX20250320_205935_V06', 's3://noaa-nexrad-level2/2025/03/20/KCCX/KCCX20250320_210107_V06', 's3://noaa-nexrad-level2/2025/03/20/KDOX/KDOX20250320_210120_V06', 's3://noaa-nexrad-level2/2025/03/20/KAKQ/KAKQ20250320_210022_V06', 's3://noaa-nexrad-level2/2025/03/20/KDIX/KDIX20250320_210009_V06']"
95149,F,B738,SYR UA /OV SYR270020/TM 2103/FL340/TP B738/TB CONS LGT /RM MTN WAVE,CONS LGT,202503202100-KMSC-UBUS01-PIREP,34000.0,43.11119,-76.5629499644307,2025-03-20 21:03:00,1.0,M,"('KBGM', 'KTYX', 'KBUF', 'KENX', 'KCCX')","['s3://noaa-nexrad-level2/2025/03/20/KBGM/KBGM20250320_205901_V06', 's3://noaa-nexrad-level2/2025/03/20/KTYX/KTYX20250320_210247_V06', 's3://noaa-nexrad-level2/2025/03/20/KBUF/KBUF20250320_205832_V06', 's3://noaa-nexrad-level2/2025/03/20/KENX/KENX20250320_210129_V06', 's3://noaa-nexrad-level2/2025/03/20/KCCX/KCCX20250320_210107_V06']"
95150,F,F900,OKC UA /OV IFI/TM 2103/FL400/TP F900/TB CONS LGT CHOP/RM ZKC FDC,CONS LGT CHOP,202503202100-KMSC-UBUS01-PIREP,40000.0,35.81,-98.0,2025-03-20 21:03:00,1.0,M,"('KOUN', 'KTLX', 'KVNX', 'KFDR', 'KICT')","['s3://noaa-nexrad-level2/2025/03/20/KTLX/KTLX20250320_205848_V06', 's3://noaa-nexrad-level2/2025/03/20/KVNX/KVNX20250320_205858_V06', 's3://noaa-nexrad-level2/2025/03/20/KFDR/KFDR20250320_210022_V06', 's3://noaa-nexrad-level2/2025/03/20/KICT/KICT20250320_205838_V06']"
95151,F,PAY2,FMN UA /OV RSK080020/TM 2103/FL150/TP PAY2/TB CONS LGT CHOP/CONS BLO 150/RM DURC ZDVWC-,CONS LGT CHOP,202503202100-KMSC-UBUS01-PIREP,15000.0,36.80788741439447,-107.69027235110758,2025-03-20 21:03:00,1.0,L,"('KABX', 'KGJX', 'KPUX', 'KHDX', 'KFSX')","['s3://noaa-nexrad-level2/2025/03/20/KABX/KABX20250320_210041_V06', 's3://noaa-nexrad-level2/2025/03/20/KGJX/KGJX20250320_210049_V06', 's3://noaa-nexrad-level2/2025/03/20/KPUX/KPUX20250320_210106_V06', 's3://noaa-nexrad-level2/2025/03/20/KHDX/KHDX20250320_210218_V06', 's3://noaa-nexrad-level2/2025/03/20/KFSX/KFSX20250320_205844_V06']"
95152,F,PAY2,FMN UA /OV RSK080020/TM 2103/FL150/TP PAY2/TB CONS LGT CHOP/CONS BLO 150/RM DURC ZDVWC,CONS LGT CHOP,202503202120-KWBC-UBUS31-PRCUS,15000.0,36.80788741439447,-107.69027235110758,2025-03-20 21:03:00,1.0,L,"('KABX', 'KGJX', 'KPUX', 'KHDX', 'KFSX')","['s3://noaa-nexrad-level2/2025/03/20/KABX/KABX20250320_210041_V06', 's3://noaa-nexrad-level2/2025/03/20/KGJX/KGJX20250320_210049_V06', 's3://noaa-nexrad-level2/2025/03/20/KPUX/KPUX20250320_210106_V06', 's3://noaa-nexrad-level2/2025/03/20/KHDX/KHDX20250320_210218_V06', 's3://noaa-nexrad-level2/2025/03/20/KFSX/KFSX20250320_205844_V06']"
95153,F,B738,ACY UA /OV SBY105001/TM 2104/FL200/TP B738/TA 9/TB LGT/IC LGT RIME,LGT,202503202100-KMSC-UBUS01-PIREP,20000.0,38.33618599984223,-75.48977305095426,2025-03-20 21:04:00,1.0,M,"('KDOX', 'KDIX', 'KAKQ', 'KLWX', 'KCCX')","['s3://noaa-nexrad-level2/2025/03/20/KDOX/KDOX20250320_210120_V06', 's3://noaa-nexrad-level2/2025/03/20/KDIX/KDIX20250320_210009_V06', 's3://noaa-nexrad-level2/2025/03/20/KAKQ/KAKQ20250320_210022_V06', 's3://noaa-nexrad-level2/2025/03/20/KLWX/KLWX20250320_205935_V06', 's3://noaa-nexrad-level2/2025/03/20/KCCX/KCCX20250320_210107_V06']"
95154,F,C750,ALS UA /OV ALS063025/TM 2104/FL470/TP C750/TB NEG/RM LGT MTW +/-100FT +/-10KT ZDVWC-,NEG,202503202100-KMSC-UBUS01-PIREP,47000.0,37.6280680304195,-105.3937807148843,2025-03-20 21:04:00,0.0,M,"('KPUX', 'KFTG', 'KABX', 'KGJX', 'KFDX')","['s3://noaa-nexrad-level2/2025/03/20/KPUX/KPUX20250320_210106_V06', 's3://noaa-nexrad-level2/2025/03/20/KFTG/KFTG20250320_205936_V06', 's3://noaa-nexrad-level2/2025/03/20/KABX/KABX20250320_210041_V06', 's3://noaa-nexrad-level2/2025/03/20/KGJX/KGJX20250320_210049_V06', 's3://noaa-nexrad-level2/2025/03/20/KFDX/KFDX20250320_210226_V06']"
95155,F,C750,ALS UA /OV ALS063025/TM 2104/FL470/TP C750/TB NEG/RM LGT MTW +/-100FT +/-10KT ZDVWC,NEG,202503202120-KWBC-UBUS31-PRCUS,47000.0,37.6280680304195,-105.3937807148843,2025-03-20 21:04:00,0.0,M,"('KPUX', 'KFTG', 'KABX', 'KGJX', 'KFDX')","['s3://noaa-nexrad-level2/2025/03/20/KPUX/KPUX20250320_210106_V06', 's3://noaa-nexrad-level2/2025/03/20/KFTG/KFTG20250320_205936_V06', 's3://noaa-nexrad-level2/2025/03/20/KABX/KABX20250320_210041_V06', 's3://noaa-nexrad-level2/2025/03/20/KGJX/KGJX20250320_210049_V06', 's3://noaa-nexrad-level2/2025/03/20/KFDX/KFDX20250320_210226_V06']"
95156,F,P28A,FOD UA /OV FOD180020/TM 2105/FL040/TP P28A/SK SKC/TB NEG,NEG,202503202100-KMSC-UBUS01-PIREP,4000.0,42.21638066663967,-94.203203,2025-03-20 21:05:00,0.0,L,"('KDMX', 'KOAX', 'KMPX', 'KFSD', 'KEAX')","['s3://noaa-nexrad-level2/2025/03/20/KDMX/KDMX20250320_205846_V06', 's3://noaa-nexrad-level2/2025/03/20/KOAX/KOAX20250320_205928_V06', 's3://noaa-nexrad-level2/2025/03/20/KMPX/KMPX20250320_205940_V06', 's3://noaa-nexrad-level2/2025/03/20/KFSD/KFSD20250320_210037_V06', 's3://noaa-nexrad-level2/2025/03/20/KEAX/KEAX20250320_141950_V06']"
95157,F,E75S,BDL UA /OV BDL/TM 2105/FL300/TP E75S/TB MOD,MOD,202503202100-KMSC-UBUS01-PIREP,30000.0,41.9381,-72.6825,2025-03-20 21:05:00,3.0,U,"('KOKX', 'KENX', 'KBOX', 'KCXX', 'KDIX')","['s3://noaa-nexrad-level2/2025/03/20/KOKX/KOKX20250320_210224_V06', 's3://noaa-nexrad-level2/2025/03/20/KENX/KENX20250320_210129_V06', 's3://noaa-nexrad-level2/2025/03/20/KBOX/KBOX20250320_210207_V06', 's3://noaa-nexrad-level2/2025/03/20/KCXX/KCXX20250320_210253_V06', 's3://noaa-nexrad-level2/2025/03/20/KDIX/KDIX20250320_210009_V06']"
95158,F,B738,PGA UA /OV TBC260015/TM 2105/FL250/TP B738/TB NEG/RM ZDVWC-68,NEG,202503202100-KMSC-UBUS01-PIREP,25000.0,36.07658443920415,-111.5748114717856,2025-03-20 21:05:00,0.0,M,"('KFSX', 'KFSX', 'KICX', 'KIWA', 'KESX')","['s3://noaa-nexrad-level2/2025/03/20/KFSX/KFSX20250320_205844_V06', 's3://noaa-nexrad-level2/2025/03/20/KFSX/KFSX20250320_205844_V06', 's3://noaa-nexrad-level2/2025/03/20/KICX/KICX20250320_205706_V06', 's3://noaa-nexrad-level2/2025/03/20/KIWA/KIWA20250320_205819_V06', 's3://noaa-nexrad-level2/2025/03/20/KESX/KESX20250320_205803_V06']"
95159,F,A321,MKG UA /OV MKG/TM 2106/FL320/TP A321/TB INTMT LGT CHOP,INTMT LGT CHOP,202503202100-KMSC-UBUS01-PIREP,32000.0,43.17111,-86.23667,2025-03-20 21:06:00,1.0,M,"('KGRR', 'KIWX', 'KGRB', 'KAPX', 'KMKX')","['s3://noaa-nexrad-level2/2025/03/20/KGRR/KGRR20250320_210148_V06', 's3://noaa-nexrad-level2/2025/03/20/KIWX/KIWX20250320_210532_V06', 's3://noaa-nexrad-level2/2025/03/20/KGRB/KGRB20250320_210113_V06', 's3://noaa-nexrad-level2/2025/03/20/KAPX/KAPX20250320_210208_V06', 's3://noaa-nexrad-level2/2025/03/20/KMKX/KMKX20250320_210519_V06']"
95160,F,B737,ATL UA /OV GQO090040/TM 2106/FL275/TP B737/TB MOD/RM ZTLFD 37,MOD,202503202100-KMSC-UBUS01-PIREP,27500.0,34.96,-84.33648183182908,2025-03-20 21:06:00,3.0,M,"('KMRX', 'KFFC', 'KHTX', 'KGSP', 'KJGX')","['s3://noaa-nexrad-level2/2025/03/20/KMRX/KMRX20250320_210515_V06', 's3://noaa-nexrad-level2/2025/03/20/KFFC/KFFC20250320_210210_V06', 's3://noaa-nexrad-level2/2025/03/20/KHTX/KHTX20250320_210411_V06', 's3://noaa-nexrad-level2/2025/03/20/KGSP/KGSP20250320_205838_V06', 's3://noaa-nexrad-level2/2025/03/20/KJGX/KJGX20250320_205940_V06']"
95161,F,C68A,NHK UA /OV PXT/TM 2106/FL430/TP C68A/TB LGT-MOD,LGT-MOD,202503202100-KMSC-UBUS01-PIREP,43000.0,38.29,-76.4,2025-03-20 21:06:00,2.0,U,"('KDOX', 'KLWX', 'KAKQ', 'KDIX', 'KCCX')","['s3://noaa-nexrad-level2/2025/03/20/KDOX/KDOX20250320_210120_V06', 's3://noaa-nexrad-level2/2025/03/20/KLWX/KLWX20250320_210452_V06', 's3://noaa-nexrad-level2/2025/03/20/KAKQ/KAKQ20250320_210022_V06', 's3://noaa-nexrad-level2/2025/03/20/KDIX/KDIX20250320_210009_V06', 's3://noaa-nexrad-level2/2025/03/20/KCCX/KCCX20250320_210107_V06']"
95162,F,SR22,CRW UA /OV HTS/TM 2107/FL120/TP SR22/SK TOP110/TA M11/WV 280031KT/TB NEG,NEG,202503202100-KMSC-UBUS01-PIREP,12000.0,38.365,-82.555,2025-03-20 21:07:00,0.0,L,"('KRLX', 'KJKL', 'KILN', 'KMRX', 'KFCX')","['s3://noaa-nexrad-level2/2025/03/20/KRLX/KRLX20250320_210650_V06', 's3://noaa-nexrad-level2/2025/03/20/KJKL/KJKL20250320_210518_V06', 's3://noaa-nexrad-level2/2025/03/20/KILN/KILN20250320_210648_V06', 's3://noaa-nexrad-level2/2025/03/20/KMRX/KMRX20250320_210515_V06', 's3://noaa-nexrad-level2/2025/03/20/KFCX/KFCX20250320_210535_V06']"
95163,F,B737,ONM UA /OV ONM215045/TM 2107/FL360/TP B737/TB MOD MTN WAVE +/- 20KT/RM ZAB/FDCS,MOD MTN WAVE +,202503210200-KMSC-UBUS01-PIREP,36000.0,33.408058403246805,-107.4222119362264,2025-03-20 21:07:00,3.0,M,"('KHDX', 'KEPZ', 'KABX', 'KEMX', 'KFSX')","['s3://noaa-nexrad-level2/2025/03/20/KHDX/KHDX20250320_210218_V06', 's3://noaa-nexrad-level2/2025/03/20/KEPZ/KEPZ20250320_210119_V06', 's3://noaa-nexrad-level2/2025/03/20/KABX/KABX20250320_210522_V06', 's3://noaa-nexrad-level2/2025/03/20/KEMX/KEMX20250320_210102_V06', 's3://noaa-nexrad-level2/2025/03/20/KFSX/KFSX20250320_205844_V06']"
95164,F,CRJ7,DBQ UA /OV DBQ/TM 2108/FL310/TP CRJ7/TB NEG CHOP,NEG CHOP,202503202100-KMSC-UBUS01-PIREP,31000.0,42.39835,-90.709143,2025-03-20 21:08:00,0.0,M,"('KDVN', 'KARX', 'KMKX', 'KILX', 'KLOT')","['s3://noaa-nexrad-level2/2025/03/20/KDVN/KDVN20250320_210507_V06', 's3://noaa-nexrad-level2/2025/03/20/KARX/KARX20250320_210649_V06', 's3://noaa-nexrad-level2/2025/03/20/KMKX/KMKX20250320_210519_V06', 's3://noaa-nexrad-level2/2025/03/20/KILX/KILX20250320_210400_V06', 's3://noaa-nexrad-level2/2025/03/20/KLOT/KLOT20250320_210358_V06']"
95165,F,E145,CHA UA /OV CHA/TM 2108/FL030/TP E145/TB LGT CHOP/IC LGT RME 90-033/RM T-090 B-033,LGT CHOP,202503202100-KMSC-UBUS01-PIREP,3000.0,35.03528,-85.20381,2025-03-20 21:08:00,1.0,M,"('KHTX', 'KFFC', 'KOHX', 'KMRX', 'KBMX')","['s3://noaa-nexrad-level2/2025/03/20/KHTX/KHTX20250320_210411_V06', 's3://noaa-nexrad-level2/2025/03/20/KFFC/KFFC20250320_210210_V06', 's3://noaa-nexrad-level2/2025/03/20/KOHX/KOHX20250320_210647_V06', 's3://noaa-nexrad-level2/2025/03/20/KMRX/KMRX20250320_210515_V06', 's3://noaa-nexrad-level2/2025/03/20/KBMX/KBMX20250320_210405_V06']"
95166,F,CRJ2,JAC UA /OV DNW081046/TM 2108/FL330/TP CRJ2/TB LGT/RM MTN WAVE +/-10KT/ZLC,LGT,202503202100-KMSC-UBUS01-PIREP,33000.0,43.94994280445417,-109.2902475011348,2025-03-20 21:08:00,1.0,M,"('KRIW', 'KBLX', 'KSFX', 'KTFX', 'KMTX')","['s3://noaa-nexrad-level2/2025/03/20/KRIW/KRIW20250320_210100_V06', 's3://noaa-nexrad-level2/2025/03/20/KBLX/KBLX20250320_210739_V06', 's3://noaa-nexrad-level2/2025/03/20/KSFX/KSFX20250320_210509_V06', 's3://noaa-nexrad-level2/2025/03/20/KTFX/KTFX20250320_210451_V06', 's3://noaa-nexrad-level2/2025/03/20/KMTX/KMTX20250320_210649_V06']"
95167,F,CRJ7,RIC UA /OV RIC350020/TM 2108/FL150/TP CRJ7/TB MOD,MOD,202503202100-KMSC-UBUS01-PIREP,15000.0,37.83979584083999,-77.39633672975357,2025-03-20 21:08:00,3.0,M,"('KAKQ', 'KLWX', 'KDOX', 'KRAX', 'KFCX')","['s3://noaa-nexrad-level2/2025/03/20/KAKQ/KAKQ20250320_210614_V06', 's3://noaa-nexrad-level2/2025/03/20/KLWX/KLWX20250320_210452_V06', 's3://noaa-nexrad-level2/2025/03/20/KDOX/KDOX20250320_210700_V06', 's3://noaa-nexrad-level2/2025/03/20/KRAX/KRAX20250320_210521_V06', 's3://noaa-nexrad-level2/2025/03/20/KFCX/KFCX20250320_210535_V06']"
95168,F,GALX,GSO UA /OV GSO300025/TM 2108/FL110/TP GALX/TB MOD-SEV,MOD-SEV,202503202100-KMSC-UBUS01-PIREP,11000.0,36.30585020835021,-80.39022656328235,2025-03-20 21:08:00,4.0,M,"('KFCX', 'KRAX', 'KGSP', 'KRLX', 'KCAE')","['s3://noaa-nexrad-level2/2025/03/20/KFCX/KFCX20250320_210535_V06', 's3://noaa-nexrad-level2/2025/03/20/KRAX/KRAX20250320_210521_V06', 's3://noaa-nexrad-level2/2025/03/20/KGSP/KGSP20250320_210711_V06', 's3://noaa-nexrad-level2/2025/03/20/KRLX/KRLX20250320_210650_V06', 's3://noaa-nexrad-level2/2025/03/20/KCAE/KCAE20250320_210540_V06']"
95169,F,A21N,ATL UA /OV TDG110015/TM 2109/FL270/TP A21N/TB MOD/RM DURC ZTLFD 04,MOD,202503202100-KMSC-UBUS01-PIREP,27000.0,33.49448803825376,-85.75799527741185,2025-03-20 21:09:00,3.0,U,"('KMXX', 'KBMX', 'KFFC', 'KHTX', 'KEOX')","['s3://noaa-nexrad-level2/2025/03/20/KMXX/KMXX20250320_210308_V06', 's3://noaa-nexrad-level2/2025/03/20/KBMX/KBMX20250320_210405_V06', 's3://noaa-nexrad-level2/2025/03/20/KFFC/KFFC20250320_210210_V06', 's3://noaa-nexrad-level2/2025/03/20/KHTX/KHTX20250320_210411_V06', 's3://noaa-nexrad-level2/2025/03/20/KEOX/KEOX20250320_143812_V06']"
95170,F,E75L,GJT UA /OV JNC180030/TM 2110/FL310/TP E75L/TB LGT/RM LGT MTW +/-5KT ZDVWC-,LGT,202503202100-KMSC-UBUS01-PIREP,31000.0,38.559959499959504,-108.79,2025-03-20 21:10:00,1.0,U,"('KGJX', 'KABX', 'KICX', 'KFTG', 'KRIW')","['s3://noaa-nexrad-level2/2025/03/20/KGJX/KGJX20250320_210623_V06', 's3://noaa-nexrad-level2/2025/03/20/KABX/KABX20250320_210522_V06', 's3://noaa-nexrad-level2/2025/03/20/KICX/KICX20250320_210544_V06', 's3://noaa-nexrad-level2/2025/03/20/KFTG/KFTG20250320_210752_V06', 's3://noaa-nexrad-level2/2025/03/20/KRIW/KRIW20250320_210943_V06']"
95171,F,E75L,GJT UA /OV JNC180030/TM 2110/FL310/TP E75L/TB LGT/RM LGT MTW +/-5KT ZDVWC,LGT,202503202120-KWBC-UBUS31-PRCUS,31000.0,38.559959499959504,-108.79,2025-03-20 21:10:00,1.0,U,"('KGJX', 'KABX', 'KICX', 'KFTG', 'KRIW')","['s3://noaa-nexrad-level2/2025/03/20/KGJX/KGJX20250320_210623_V06', 's3://noaa-nexrad-level2/2025/03/20/KABX/KABX20250320_210522_V06', 's3://noaa-nexrad-level2/2025/03/20/KICX/KICX20250320_210544_V06', 's3://noaa-nexrad-level2/2025/03/20/KFTG/KFTG20250320_210752_V06', 's3://noaa-nexrad-level2/2025/03/20/KRIW/KRIW20250320_210943_V06']"
95172,F,CRJ9,BKW UA /OV GZG260025/TM 2110/FL280/TP CRJ9/TB LGT CHOP,LGT CHOP,202503202100-KMSC-UBUS01-PIREP,28000.0,36.75764073200692,-82.59269461627756,2025-03-20 21:10:00,1.0,U,"('KMRX', 'KJKL', 'KRLX', 'KGSP', 'KFCX')","['s3://noaa-nexrad-level2/2025/03/20/KMRX/KMRX20250320_210943_V06', 's3://noaa-nexrad-level2/2025/03/20/KJKL/KJKL20250320_210857_V06', 's3://noaa-nexrad-level2/2025/03/20/KRLX/KRLX20250320_210650_V06', 's3://noaa-nexrad-level2/2025/03/20/KGSP/KGSP20250320_210711_V06', 's3://noaa-nexrad-level2/2025/03/20/KFCX/KFCX20250320_210954_V06']"
95173,F,C68A,DEN UA /OV DEN320070/TM 2112/FL190/TP C68A/SK SCK/TB CONS LGT BLO 260/IC NEG/RM ZDVWC-,CONS LGT BLO 260,202503202100-KMSC-UBUS01-PIREP,19000.0,40.7265909082444,-105.63414157065036,2025-03-20 21:12:00,1.0,U,"('KCYS', 'KFTG', 'KPUX', 'KGJX', 'KRIW')","['s3://noaa-nexrad-level2/2025/03/20/KCYS/KCYS20250320_210809_V06', 's3://noaa-nexrad-level2/2025/03/20/KFTG/KFTG20250320_210752_V06', 's3://noaa-nexrad-level2/2025/03/20/KPUX/KPUX20250320_210812_V06', 's3://noaa-nexrad-level2/2025/03/20/KGJX/KGJX20250320_211158_V06', 's3://noaa-nexrad-level2/2025/03/20/KRIW/KRIW20250320_210943_V06']"
95174,F,C68A,DEN UA /OV DEN320070/TM 2112/FL190/TP C68A/SK SCK/TB CONS LGT BLO 260/IC NEG/RM ZDVWC,CONS LGT BLO 260,202503202120-KWBC-UBUS31-PRCUS,19000.0,40.7265909082444,-105.63414157065036,2025-03-20 21:12:00,1.0,U,"('KCYS', 'KFTG', 'KPUX', 'KGJX', 'KRIW')","['s3://noaa-nexrad-level2/2025/03/20/KCYS/KCYS20250320_210809_V06', 's3://noaa-nexrad-level2/2025/03/20/KFTG/KFTG20250320_210752_V06', 's3://noaa-nexrad-level2/2025/03/20/KPUX/KPUX20250320_210812_V06', 's3://noaa-nexrad-level2/2025/03/20/KGJX/KGJX20250320_211158_V06', 's3://noaa-nexrad-level2/2025/03/20/KRIW/KRIW20250320_210943_V06']"
95175,F,B739,NHK UA /OV CYN240010/TM 2113/FL240/TP B739/TB LGT-MOD CHOP/RM IN CLIMB,LGT-MOD CHOP,202503202100-KMSC-UBUS01-PIREP,24000.0,39.73665991665992,-74.61794007215518,2025-03-20 21:13:00,2.0,M,"('KDIX', 'KDOX', 'KOKX', 'KBGM', 'KENX')","['s3://noaa-nexrad-level2/2025/03/20/KDIX/KDIX20250320_210708_V06', 's3://noaa-nexrad-level2/2025/03/20/KDOX/KDOX20250320_211240_V06', 's3://noaa-nexrad-level2/2025/03/20/KOKX/KOKX20250320_211104_V06', 's3://noaa-nexrad-level2/2025/03/20/KBGM/KBGM20250320_211119_V06', 's3://noaa-nexrad-level2/2025/03/20/KENX/KENX20250320_211026_V06']"
95176,F,BCS3,ART UA /OV ART050015/TM 2113/FL204/TP BCS3/SK TOP 160/TB CONS LGT-MOD CHOP/IC LGT RIME 140/RM DURC OUT OF KOGS,CONS LGT-MOD CHOP,202503202100-KMSC-UBUS01-PIREP,20400.0,44.14953991888375,-75.75999677319984,2025-03-20 21:13:00,2.0,U,"('KTYX', 'KBGM', 'KENX', 'KCXX', 'KBUF')","['s3://noaa-nexrad-level2/2025/03/20/KTYX/KTYX20250320_211234_V06', 's3://noaa-nexrad-level2/2025/03/20/KBGM/KBGM20250320_211119_V06', 's3://noaa-nexrad-level2/2025/03/20/KENX/KENX20250320_211026_V06', 's3://noaa-nexrad-level2/2025/03/20/KCXX/KCXX20250320_211130_V06', 's3://noaa-nexrad-level2/2025/03/20/KBUF/KBUF20250320_210935_V06']"
95177,F,CL30,GUC UA /OV HBU215030/TM 2113/FL410/TP CL30/TB OCNL MOD CHOP/RM ZDVWC-65,OCNL MOD CHOP,202503202100-KMSC-UBUS01-PIREP,41000.0,38.04039080216454,-107.40622747016091,2025-03-20 21:13:00,3.0,U,"('KGJX', 'KABX', 'KPUX', 'KFTG', 'KCYS')","['s3://noaa-nexrad-level2/2025/03/20/KGJX/KGJX20250320_211158_V06', 's3://noaa-nexrad-level2/2025/03/20/KABX/KABX20250320_211004_V06', 's3://noaa-nexrad-level2/2025/03/20/KPUX/KPUX20250320_210812_V06', 's3://noaa-nexrad-level2/2025/03/20/KFTG/KFTG20250320_210752_V06', 's3://noaa-nexrad-level2/2025/03/20/KCYS/KCYS20250320_210809_V06']"
95178,F,A320,DBQ UA /OV DBQ090040/TM 2114/FL350/TP A320/TB CONS LGT CHOP,CONS LGT CHOP,202503202100-KMSC-UBUS01-PIREP,35000.0,42.39835,-89.80630826022772,2025-03-20 21:14:00,1.0,M,"('KDVN', 'KMKX', 'KLOT', 'KARX', 'KILX')","['s3://noaa-nexrad-level2/2025/03/20/KDVN/KDVN20250320_210507_V06', 's3://noaa-nexrad-level2/2025/03/20/KMKX/KMKX20250320_211219_V06', 's3://noaa-nexrad-level2/2025/03/20/KLOT/KLOT20250320_211046_V06', 's3://noaa-nexrad-level2/2025/03/20/KARX/KARX20250320_211339_V06', 's3://noaa-nexrad-level2/2025/03/20/KILX/KILX20250320_211057_V06']"
95179,F,C208,BET UA /OV BET/TM 2114/FL012/TP C208/SK OVC012-TOP026/SKC/TB NEG/IC NEG/RM /ZAN/,NEG,202503202100-KMSC-UBUS01-PIREP,1200.0,60.77,-161.83,2025-03-20 21:14:00,0.0,L,"('PABC', 'PAEC', 'PAKC', 'PAHG', 'PAPD')","['s3://noaa-nexrad-level2/2025/03/20/PAEC/PAEC20250320_211345_V06', 's3://noaa-nexrad-level2/2025/03/20/PAKC/PAKC20250320_210812_V06', 's3://noaa-nexrad-level2/2025/03/20/PAHG/PAHG20250320_211142_V06', 's3://noaa-nexrad-level2/2025/03/20/PAPD/PAPD20250320_210950_V06']"
95180,F,P28A,FOD UA /OV FOD/TM 2114/FL040/TP P28A/TB NEG,NEG,202503202100-KMSC-UBUS01-PIREP,4000.0,42.549741,-94.203203,2025-03-20 21:14:00,0.0,L,"('KDMX', 'KMPX', 'KOAX', 'KFSD', 'KARX')","['s3://noaa-nexrad-level2/2025/03/20/KDMX/KDMX20250320_211240_V06', 's3://noaa-nexrad-level2/2025/03/20/KMPX/KMPX20250320_211330_V06', 's3://noaa-nexrad-level2/2025/03/20/KOAX/KOAX20250320_211257_V06', 's3://noaa-nexrad-level2/2025/03/20/KFSD/KFSD20250320_210731_V06', 's3://noaa-nexrad-level2/2025/03/20/KARX/KARX20250320_211339_V06']"
95181,F,B738,ATL UA /OV ATL270030/TM 2115/FL220/TP B738/TB MOD/RM ZTLFD 04,MOD,202503202100-KMSC-UBUS01-PIREP,22000.0,33.6301,-85.04235517689371,2025-03-20 21:15:00,3.0,M,"('KFFC', 'KMXX', 'KHTX', 'KBMX', 'KJGX')","['s3://noaa-nexrad-level2/2025/03/20/KFFC/KFFC20250320_210902_V06', 's3://noaa-nexrad-level2/2025/03/20/KMXX/KMXX20250320_211000_V06', 's3://noaa-nexrad-level2/2025/03/20/KHTX/KHTX20250320_211112_V06', 's3://noaa-nexrad-level2/2025/03/20/KBMX/KBMX20250320_211400_V06', 's3://noaa-nexrad-level2/2025/03/20/KJGX/KJGX20250320_211329_V06']"
95182,F,B739,MRB UA /OV MRB090010/TM 2115/FL160/TP B739/TA -17/TB MOD CHOP 100-190/IC MOD RIME 100-150,MOD CHOP 100-190,202503202100-KMSC-UBUS01-PIREP,16000.0,39.4019,-77.76896213792806,2025-03-20 21:15:00,3.0,M,"('KLWX', 'KCCX', 'KDOX', 'KAKQ', 'KPBZ')","['s3://noaa-nexrad-level2/2025/03/20/KLWX/KLWX20250320_210954_V06', 's3://noaa-nexrad-level2/2025/03/20/KCCX/KCCX20250320_211233_V06', 's3://noaa-nexrad-level2/2025/03/20/KDOX/KDOX20250320_211240_V06', 's3://noaa-nexrad-level2/2025/03/20/KAKQ/KAKQ20250320_211157_V06', 's3://noaa-nexrad-level2/2025/03/20/KPBZ/KPBZ20250320_211114_V06']"
95183,F,B737,CGZ UA /OV TFD/TM 2115/FL370/TP B737/TB CONST LGT OCNL MOD/RM ZAB/FDCS,CONST LGT OCNL MOD,202503210200-KMSC-UBUS01-PIREP,37000.0,32.89,-111.91,2025-03-20 21:15:00,2.0,M,"('KIWA', 'KEMX', 'KFSX', 'KFSX', 'KYUX')","['s3://noaa-nexrad-level2/2025/03/20/KIWA/KIWA20250320_210706_V06', 's3://noaa-nexrad-level2/2025/03/20/KEMX/KEMX20250320_211458_V06', 's3://noaa-nexrad-level2/2025/03/20/KFSX/KFSX20250320_210730_V06', 's3://noaa-nexrad-level2/2025/03/20/KFSX/KFSX20250320_210730_V06', 's3://noaa-nexrad-level2/2025/03/20/KYUX/KYUX20250320_211148_V06']"
95184,F,CRJ9,ALB UA /OV ALB/TM 2116/FL045/TP CRJ9/TB MOD SFC-045/RM DURC RY19,MOD SFC-045,202503202100-KMSC-UBUS01-PIREP,4500.0,42.75757,-73.80361,2025-03-20 21:16:00,3.0,U,"('KENX', 'KCXX', 'KOKX', 'KTYX', 'KBGM')","['s3://noaa-nexrad-level2/2025/03/20/KENX/KENX20250320_211458_V06', 's3://noaa-nexrad-level2/2025/03/20/KCXX/KCXX20250320_211130_V06', 's3://noaa-nexrad-level2/2025/03/20/KOKX/KOKX20250320_211104_V06', 's3://noaa-nexrad-level2/2025/03/20/KTYX/KTYX20250320_211234_V06', 's3://noaa-nexrad-level2/2025/03/20/KBGM/KBGM20250320_211119_V06']"
95185,F,B737,ATL UA /OV ATL240040/TM 2116/FL210/TP B737/TB MOD CHOP/RM DURD,MOD CHOP,202503202100-KMSC-UBUS01-PIREP,21000.0,33.29673966663967,-85.13526138608562,2025-03-20 21:16:00,3.0,M,"('KFFC', 'KMXX', 'KBMX', 'KEOX', 'KHTX')","['s3://noaa-nexrad-level2/2025/03/20/KFFC/KFFC20250320_211556_V06', 's3://noaa-nexrad-level2/2025/03/20/KMXX/KMXX20250320_211000_V06', 's3://noaa-nexrad-level2/2025/03/20/KBMX/KBMX20250320_211400_V06', 's3://noaa-nexrad-level2/2025/03/20/KEOX/KEOX20250320_143812_V06', 's3://noaa-nexrad-level2/2025/03/20/KHTX/KHTX20250320_211112_V06']"
95186,F,BE9L,ANK UA /OV ANK041009/TM 2116/FL160/TP BE9L/TB LGT CONL MOD CHOP NEG ABV 180/RM ZDVWC-,LGT CONL MOD CHOP NEG ABV 180,202503202100-KMSC-UBUS01-PIREP,16000.0,38.65149340676399,-105.9228170898596,2025-03-20 21:16:00,2.0,L,"('KPUX', 'KFTG', 'KGJX', 'KCYS', 'KABX')","['s3://noaa-nexrad-level2/2025/03/20/KPUX/KPUX20250320_211518_V06', 's3://noaa-nexrad-level2/2025/03/20/KFTG/KFTG20250320_210752_V06', 's3://noaa-nexrad-level2/2025/03/20/KGJX/KGJX20250320_211158_V06', 's3://noaa-nexrad-level2/2025/03/20/KCYS/KCYS20250320_210809_V06', 's3://noaa-nexrad-level2/2025/03/20/KABX/KABX20250320_211445_V06']"
95187,F,BE9L,ANK UA /OV ANK041009/TM 2116/FL160/TP BE9L/TB LGT CONL MOD CHOP NEG ABV 180/RM ZDVWC,LGT CONL MOD CHOP NEG ABV 180,202503202130-KWBC-UBUS31-PRCUS,16000.0,38.65149340676399,-105.9228170898596,2025-03-20 21:16:00,2.0,L,"('KPUX', 'KFTG', 'KGJX', 'KCYS', 'KABX')","['s3://noaa-nexrad-level2/2025/03/20/KPUX/KPUX20250320_211518_V06', 's3://noaa-nexrad-level2/2025/03/20/KFTG/KFTG20250320_210752_V06', 's3://noaa-nexrad-level2/2025/03/20/KGJX/KGJX20250320_211158_V06', 's3://noaa-nexrad-level2/2025/03/20/KCYS/KCYS20250320_210809_V06', 's3://noaa-nexrad-level2/2025/03/20/KABX/KABX20250320_211445_V06']"
95188,F,B38M,HTS UA /OV ECB/TM 2116/FL370/TP B38M/TB NEG,NEG,202503202100-KMSC-UBUS01-PIREP,37000.0,38.16,-82.91,2025-03-20 21:16:00,0.0,U,"('KJKL', 'KRLX', 'KILN', 'KMRX', 'KFCX')","['s3://noaa-nexrad-level2/2025/03/20/KJKL/KJKL20250320_211558_V06', 's3://noaa-nexrad-level2/2025/03/20/KRLX/KRLX20250320_211348_V06', 's3://noaa-nexrad-level2/2025/03/20/KILN/KILN20250320_211221_V06', 's3://noaa-nexrad-level2/2025/03/20/KMRX/KMRX20250320_211415_V06', 's3://noaa-nexrad-level2/2025/03/20/KFCX/KFCX20250320_211410_V06']"
95189,F,B738,W99 UA /OV ESL/TM 2116/FL130/TP B738/TB MOD/RM FRDMM5,MOD,202503202100-KMSC-UBUS01-PIREP,13000.0,39.23,-78.99,2025-03-20 21:16:00,3.0,M,"('KLWX', 'KPBZ', 'KCCX', 'KFCX', 'KRLX')","['s3://noaa-nexrad-level2/2025/03/20/KLWX/KLWX20250320_211516_V06', 's3://noaa-nexrad-level2/2025/03/20/KPBZ/KPBZ20250320_211538_V06', 's3://noaa-nexrad-level2/2025/03/20/KCCX/KCCX20250320_211233_V06', 's3://noaa-nexrad-level2/2025/03/20/KFCX/KFCX20250320_211410_V06', 's3://noaa-nexrad-level2/2025/03/20/KRLX/KRLX20250320_211348_V06']"
95190,F,CRJ9,ATL UA /OV ATL120020/TM 2117/FL170/TP CRJ9/TB LGT MOD/RM ZTLFD 16,LGT MOD,202503202100-KMSC-UBUS01-PIREP,17000.0,33.46341983331983,-84.0950693069572,2025-03-20 21:17:00,2.0,U,"('KFFC', 'KJGX', 'KMXX', 'KGSP', 'KEOX')","['s3://noaa-nexrad-level2/2025/03/20/KFFC/KFFC20250320_211556_V06', 's3://noaa-nexrad-level2/2025/03/20/KJGX/KJGX20250320_211329_V06', 's3://noaa-nexrad-level2/2025/03/20/KMXX/KMXX20250320_211648_V06', 's3://noaa-nexrad-level2/2025/03/20/KGSP/KGSP20250320_211553_V06', 's3://noaa-nexrad-level2/2025/03/20/KEOX/KEOX20250320_143812_V06']"
95191,F,B738,CPR UA /OV DDY/TM 2117/FL280/TP B738/TB LGT-MOD/RM ZDVWC-32,LGT-MOD,202503202100-KMSC-UBUS01-PIREP,28000.0,43.09,-106.28,2025-03-20 21:17:00,2.0,M,"('KRIW', 'KCYS', 'KUDX', 'KBLX', 'KFTG')","['s3://noaa-nexrad-level2/2025/03/20/KRIW/KRIW20250320_210943_V06', 's3://noaa-nexrad-level2/2025/03/20/KCYS/KCYS20250320_210809_V06', 's3://noaa-nexrad-level2/2025/03/20/KUDX/KUDX20250320_211632_V06', 's3://noaa-nexrad-level2/2025/03/20/KBLX/KBLX20250320_211234_V06', 's3://noaa-nexrad-level2/2025/03/20/KFTG/KFTG20250320_210752_V06']"
95192,F,E75S,PIT UA /OV PIT/TM 2117/FL070/TP E75S/SK TOPS100/TA M08/TB NEG/IC LGT RIME 070-090,NEG,202503202100-KMSC-UBUS01-PIREP,7000.0,40.49147,-80.23286,2025-03-20 21:17:00,0.0,U,"('KPBZ', 'KCLE', 'KCCX', 'KRLX', 'KBUF')","['s3://noaa-nexrad-level2/2025/03/20/KPBZ/KPBZ20250320_211538_V06', 's3://noaa-nexrad-level2/2025/03/20/KCLE/KCLE20250320_211235_V06', 's3://noaa-nexrad-level2/2025/03/20/KCCX/KCCX20250320_211233_V06', 's3://noaa-nexrad-level2/2025/03/20/KRLX/KRLX20250320_211348_V06', 's3://noaa-nexrad-level2/2025/03/20/KBUF/KBUF20250320_211507_V06']"
95193,F,S22T,LOZ UA /OV LVT/TM 2117/FL100/TP S22T/TB NEG,NEG,202503202100-KMSC-UBUS01-PIREP,10000.0,36.58,-85.17,2025-03-20 21:17:00,0.0,U,"('KOHX', 'KLVX', 'KMRX', 'KHTX', 'KJKL')","['s3://noaa-nexrad-level2/2025/03/20/KOHX/KOHX20250320_211519_V06', 's3://noaa-nexrad-level2/2025/03/20/KLVX/KLVX20250320_211151_V06', 's3://noaa-nexrad-level2/2025/03/20/KMRX/KMRX20250320_211415_V06', 's3://noaa-nexrad-level2/2025/03/20/KHTX/KHTX20250320_211112_V06', 's3://noaa-nexrad-level2/2025/03/20/KJKL/KJKL20250320_211558_V06']"
95194,F,A321,AFK UA /OV PWE270050/TM 2118/FL370/TP A321/TB CONS LGT CHOP,CONS LGT CHOP,202503202100-KMSC-UBUS01-PIREP,37000.0,40.2,-97.301130095152,2025-03-20 21:18:00,1.0,M,"('KUEX', 'KOAX', 'KTWX', 'KICT', 'KEAX')","['s3://noaa-nexrad-level2/2025/03/20/KUEX/KUEX20250320_211611_V06', 's3://noaa-nexrad-level2/2025/03/20/KOAX/KOAX20250320_211257_V06', 's3://noaa-nexrad-level2/2025/03/20/KTWX/KTWX20250320_211609_V06', 's3://noaa-nexrad-level2/2025/03/20/KICT/KICT20250320_211549_V06', 's3://noaa-nexrad-level2/2025/03/20/KEAX/KEAX20250320_141950_V06']"
95195,F,SF50,SDF UA /OV EWO/TM 2118/FL105/TP SF50/TA NOT REPORTED /TB NEG /IC LGT RIME BLO070,NEG,202503202100-KMSC-UBUS01-PIREP,10500.0,37.63,-85.68,2025-03-20 21:18:00,0.0,U,"('KLVX', 'KOHX', 'KHPX', 'KVWX', 'KIND')","['s3://noaa-nexrad-level2/2025/03/20/KLVX/KLVX20250320_211151_V06', 's3://noaa-nexrad-level2/2025/03/20/KOHX/KOHX20250320_211519_V06', 's3://noaa-nexrad-level2/2025/03/20/KHPX/KHPX20250320_211737_V06', 's3://noaa-nexrad-level2/2025/03/20/KVWX/KVWX20250320_211134_V06', 's3://noaa-nexrad-level2/2025/03/20/KIND/KIND20250320_211639_V06']"
95196,F,A321,MBPV UA /OV PVN097173/TM 2118/FL340/TP A321/TB MOD,MOD,202503202100-KMSC-UBUS01-PIREP,34000.0,21.41858159723488,-69.17812813972736,2025-03-20 21:18:00,3.0,M,"('KAMX', 'KAMX', 'KBYX', 'KMLB', 'KTBW')","['s3://noaa-nexrad-level2/2025/03/20/KAMX/KAMX20250320_211755_V06', 's3://noaa-nexrad-level2/2025/03/20/KAMX/KAMX20250320_211755_V06', 's3://noaa-nexrad-level2/2025/03/20/KBYX/KBYX20250320_211602_V06', 's3://noaa-nexrad-level2/2025/03/20/KMLB/KMLB20250320_211737_V06', 's3://noaa-nexrad-level2/2025/03/20/KTBW/KTBW20250320_211357_V06']"
95197,F,C68A,ARR UA /OV ARR/TM 2119/FL180/TP C68A/TB NEG/IC NEG,NEG,202503202100-KMSC-UBUS01-PIREP,18000.0,41.77,-88.48,2025-03-20 21:19:00,0.0,U,"('KLOT', 'KMKX', 'KILX', 'KDVN', 'KGRB')","['s3://noaa-nexrad-level2/2025/03/20/KLOT/KLOT20250320_211741_V06', 's3://noaa-nexrad-level2/2025/03/20/KMKX/KMKX20250320_211219_V06', 's3://noaa-nexrad-level2/2025/03/20/KILX/KILX20250320_211754_V06', 's3://noaa-nexrad-level2/2025/03/20/KDVN/KDVN20250320_211447_V06', 's3://noaa-nexrad-level2/2025/03/20/KGRB/KGRB20250320_211502_V06']"
95198,F,C208,FLO UA /OV FLO/TM 2120/FL020/TP C208/SK SKC/TB NEG,NEG,202503202100-KMSC-UBUS01-PIREP,2000.0,34.18536,-79.72389,2025-03-20 21:20:00,0.0,L,"('KLTX', 'KCAE', 'KRAX', 'KCLX', 'KGSP')","['s3://noaa-nexrad-level2/2025/03/20/KLTX/KLTX20250320_211542_V06', 's3://noaa-nexrad-level2/2025/03/20/KCAE/KCAE20250320_211931_V06', 's3://noaa-nexrad-level2/2025/03/20/KRAX/KRAX20250320_211737_V06', 's3://noaa-nexrad-level2/2025/03/20/KCLX/KCLX20250320_211900_V06', 's3://noaa-nexrad-level2/2025/03/20/KGSP/KGSP20250320_211553_V06']"
95199,F,PC12,AMG UA /OV AMG152065/TM 2120/FL190/TP PC12/TB NEG,NEG,202503202100-KMSC-UBUS01-PIREP,19000.0,30.57945596234074,-81.90978804939738,2025-03-20 21:20:00,0.0,L,"('KJAX', 'KVAX', 'KCLX', 'KTLH', 'KJGX')","['s3://noaa-nexrad-level2/2025/03/20/KJAX/KJAX20250320_211925_V06', 's3://noaa-nexrad-level2/2025/03/20/KVAX/KVAX20250320_211521_V06', 's3://noaa-nexrad-level2/2025/03/20/KCLX/KCLX20250320_211900_V06', 's3://noaa-nexrad-level2/2025/03/20/KTLH/KTLH20250320_211608_V06', 's3://noaa-nexrad-level2/2025/03/20/KJGX/KJGX20250320_211329_V06']"
95200,F,B767,BWI UA /OV 15 W BAL/TM 2120/FL132/TP B767/SK TOPS 150/TB MOD TURB/RM SFC-150 DURC,MOD TURB,202503202100-KMSC-UBUS01-PIREP,13200.0,39.17,-76.98249221157445,2025-03-20 21:20:00,3.0,H,"('KLWX', 'KDOX', 'KCCX', 'KAKQ', 'KDIX')","['s3://noaa-nexrad-level2/2025/03/20/KLWX/KLWX20250320_211516_V06', 's3://noaa-nexrad-level2/2025/03/20/KDOX/KDOX20250320_211834_V06', 's3://noaa-nexrad-level2/2025/03/20/KCCX/KCCX20250320_211838_V06', 's3://noaa-nexrad-level2/2025/03/20/KAKQ/KAKQ20250320_211731_V06', 's3://noaa-nexrad-level2/2025/03/20/KDIX/KDIX20250320_211413_V06']"
95201,F,E75L,HMZ UA /OV THS/TM 2120/FL220/TP E75L/TB CONT LGT OCNL MOD,CONT LGT OCNL MOD,202503202100-KMSC-UBUS01-PIREP,22000.0,39.93,-77.95,2025-03-20 21:20:00,2.0,U,"('KCCX', 'KLWX', 'KPBZ', 'KDOX', 'KBGM')","['s3://noaa-nexrad-level2/2025/03/20/KCCX/KCCX20250320_211838_V06', 's3://noaa-nexrad-level2/2025/03/20/KLWX/KLWX20250320_211516_V06', 's3://noaa-nexrad-level2/2025/03/20/KPBZ/KPBZ20250320_211538_V06', 's3://noaa-nexrad-level2/2025/03/20/KDOX/KDOX20250320_211834_V06', 's3://noaa-nexrad-level2/2025/03/20/KBGM/KBGM20250320_211728_V06']"
95202,F,B738,ATL UA /OV HMV160040/TM 2120/FL300/TP B738/TB MOD/RM DURC ZTLFD 42,MOD,202503202100-KMSC-UBUS01-PIREP,30000.0,35.813487509357124,-81.84654722097282,2025-03-20 21:20:00,3.0,M,"('KGSP', 'KMRX', 'KFCX', 'KCAE', 'KJKL')","['s3://noaa-nexrad-level2/2025/03/20/KGSP/KGSP20250320_211553_V06', 's3://noaa-nexrad-level2/2025/03/20/KMRX/KMRX20250320_211854_V06', 's3://noaa-nexrad-level2/2025/03/20/KFCX/KFCX20250320_211841_V06', 's3://noaa-nexrad-level2/2025/03/20/KCAE/KCAE20250320_211931_V06', 's3://noaa-nexrad-level2/2025/03/20/KJKL/KJKL20250320_211930_V06']"
95203,F,B737,DEN UA /OV DEN180001/TM 2121/FL058/TP B737/TB NEG/RM DURD RY35R DEN,NEG,202503202100-KMSC-UBUS01-PIREP,5800.0,39.81613198333199,-104.6575,2025-03-20 21:21:00,0.0,M,"('KFTG', 'KCYS', 'KPUX', 'KGLD', 'KGJX')","['s3://noaa-nexrad-level2/2025/03/20/KFTG/KFTG20250320_211715_V06', 's3://noaa-nexrad-level2/2025/03/20/KCYS/KCYS20250320_211753_V06', 's3://noaa-nexrad-level2/2025/03/20/KPUX/KPUX20250320_211518_V06', 's3://noaa-nexrad-level2/2025/03/20/KGLD/KGLD20250320_211303_V06', 's3://noaa-nexrad-level2/2025/03/20/KGJX/KGJX20250320_211733_V06']"
95204,F,BCS3,ILM UA /OV ILM190160/TM 2121/FL350/TP BCS3/TB NEG,NEG,202503202100-KMSC-UBUS01-PIREP,35000.0,31.64363327328008,-78.46038613480339,2025-03-20 21:21:00,0.0,U,"('KLTX', 'KCLX', 'KJAX', 'KMHX', 'KCAE')","['s3://noaa-nexrad-level2/2025/03/20/KLTX/KLTX20250320_212054_V06', 's3://noaa-nexrad-level2/2025/03/20/KCLX/KCLX20250320_211900_V06', 's3://noaa-nexrad-level2/2025/03/20/KJAX/KJAX20250320_211925_V06', 's3://noaa-nexrad-level2/2025/03/20/KMHX/KMHX20250320_211752_V06', 's3://noaa-nexrad-level2/2025/03/20/KCAE/KCAE20250320_211931_V06']"
95205,F,BCS3,SYR UA /OV SYR/TM 2121/FL280/TP BCS3/TB CONS LGT CHOP,CONS LGT CHOP,202503202100-KMSC-UBUS01-PIREP,28000.0,43.11119,-76.10631,2025-03-20 21:21:00,1.0,U,"('KTYX', 'KBGM', 'KENX', 'KBUF', 'KCCX')","['s3://noaa-nexrad-level2/2025/03/20/KTYX/KTYX20250320_211833_V06', 's3://noaa-nexrad-level2/2025/03/20/KBGM/KBGM20250320_211728_V06', 's3://noaa-nexrad-level2/2025/03/20/KENX/KENX20250320_211929_V06', 's3://noaa-nexrad-level2/2025/03/20/KBUF/KBUF20250320_212025_V06', 's3://noaa-nexrad-level2/2025/03/20/KCCX/KCCX20250320_211838_V06']"
95206,F,PC12,FAI UA /OV FAI/TM 2121/FL240/TP PC12/TB NEG/IC NEG/RM DURC /ZAN/,NEG,202503202100-KMSC-UBUS01-PIREP,24000.0,64.81,-147.85,2025-03-20 21:21:00,0.0,L,"('PAPD', 'PAHG', 'PAIH', 'PAIH', 'PAKC')","['s3://noaa-nexrad-level2/2025/03/20/PAPD/PAPD20250320_211652_V06', 's3://noaa-nexrad-level2/2025/03/20/PAHG/PAHG20250320_212052_V06', 's3://noaa-nexrad-level2/2025/03/20/PAIH/PAIH20250320_212018_V06', 's3://noaa-nexrad-level2/2025/03/20/PAIH/PAIH20250320_212018_V06', 's3://noaa-nexrad-level2/2025/03/20/PAKC/PAKC20250320_211516_V06']"
95207,F,C130,KSM UA /OV SMA085010/TM 2121/FL020/TP C130/SK SCT020/TB NEG/IC NEG/RM FG ROLLING IN /ZAN/,NEG,202503202100-KMSC-UBUS01-PIREP,2000.0,62.07452713372832,-162.9456150397682,2025-03-20 21:21:00,0.0,M,"('PABC', 'PAEC', 'PAKC', 'PAHG', 'PAPD')","['s3://noaa-nexrad-level2/2025/03/20/PAEC/PAEC20250320_212032_V06', 's3://noaa-nexrad-level2/2025/03/20/PAKC/PAKC20250320_211516_V06', 's3://noaa-nexrad-level2/2025/03/20/PAHG/PAHG20250320_212052_V06', 's3://noaa-nexrad-level2/2025/03/20/PAPD/PAPD20250320_211652_V06']"
95208,F,B737,TLH UA /OV TLH040070/TM 2122/FL370/TP B737/TB NEG,NEG,202503202100-KMSC-UBUS01-PIREP,37000.0,31.28733090824441,-83.48187969956992,2025-03-20 21:22:00,0.0,M,"('KVAX', 'KTLH', 'KJGX', 'KJAX', 'KEOX')","['s3://noaa-nexrad-level2/2025/03/20/KVAX/KVAX20250320_211521_V06', 's3://noaa-nexrad-level2/2025/03/20/KTLH/KTLH20250320_211608_V06', 's3://noaa-nexrad-level2/2025/03/20/KJGX/KJGX20250320_212012_V06', 's3://noaa-nexrad-level2/2025/03/20/KJAX/KJAX20250320_211925_V06', 's3://noaa-nexrad-level2/2025/03/20/KEOX/KEOX20250320_143812_V06']"
95209,F,CH7B,MRI UA /OV MRI163008/TM 2122/FL035/TP CH7B/TB MOD,MOD,202503202100-KMSC-UBUS01-PIREP,3500.0,61.08248237110324,-149.75904901764562,2025-03-20 21:22:00,3.0,L,"('PAHG', 'PAIH', 'PAIH', 'PAPD', 'PAKC')","['s3://noaa-nexrad-level2/2025/03/20/PAHG/PAHG20250320_212052_V06', 's3://noaa-nexrad-level2/2025/03/20/PAIH/PAIH20250320_212018_V06', 's3://noaa-nexrad-level2/2025/03/20/PAIH/PAIH20250320_212018_V06', 's3://noaa-nexrad-level2/2025/03/20/PAPD/PAPD20250320_211652_V06', 's3://noaa-nexrad-level2/2025/03/20/PAKC/PAKC20250320_211516_V06']"
95210,F,B190,GAM UA /OV GAM/TM 2122/FL010/TP B190/SK BKN-SCT010/TA M25/TB NEG/IC NEG/RM DURC /ZAN/,NEG,202503202100-KMSC-UBUS01-PIREP,1000.0,63.76,-171.73,2025-03-20 21:22:00,0.0,M,"('PAEC', 'PABC', 'PAKC', 'PAHG', 'PAPD')","['s3://noaa-nexrad-level2/2025/03/20/PAEC/PAEC20250320_212032_V06', 's3://noaa-nexrad-level2/2025/03/20/PAKC/PAKC20250320_211516_V06', 's3://noaa-nexrad-level2/2025/03/20/PAHG/PAHG20250320_212052_V06', 's3://noaa-nexrad-level2/2025/03/20/PAPD/PAPD20250320_211652_V06']"
95211,F,B39M,ATL UA /OV MGM120020/TM 2122/FL350/TP B39M/TB LGT/RM ZTLFD 08,LGT,202503202100-KMSC-UBUS01-PIREP,35000.0,32.133959833319835,-86.0524183711209,2025-03-20 21:22:00,1.0,U,"('KMXX', 'KEOX', 'KBMX', 'KEVX', 'KFFC')","['s3://noaa-nexrad-level2/2025/03/20/KMXX/KMXX20250320_211648_V06', 's3://noaa-nexrad-level2/2025/03/20/KEOX/KEOX20250320_143812_V06', 's3://noaa-nexrad-level2/2025/03/20/KBMX/KBMX20250320_211400_V06', 's3://noaa-nexrad-level2/2025/03/20/KEVX/KEVX20250320_211502_V06', 's3://noaa-nexrad-level2/2025/03/20/KFFC/KFFC20250320_211556_V06']"
95212,F,C210,DMN UA /OV DMN/TM 2122/FL105/TP C210/TB CONS LGT CHOP/RM ZAB/FDCS,CONS LGT CHOP,202503210200-KMSC-UBUS01-PIREP,10500.0,32.26231,-107.72064,2025-03-20 21:22:00,1.0,L,"('KEPZ', 'KHDX', 'KEMX', 'KABX', 'KIWA')","['s3://noaa-nexrad-level2/2025/03/20/KEPZ/KEPZ20250320_211532_V06', 's3://noaa-nexrad-level2/2025/03/20/KHDX/KHDX20250320_211607_V06', 's3://noaa-nexrad-level2/2025/03/20/KEMX/KEMX20250320_211458_V06', 's3://noaa-nexrad-level2/2025/03/20/KABX/KABX20250320_211926_V06', 's3://noaa-nexrad-level2/2025/03/20/KIWA/KIWA20250320_211545_V06']"
95213,F,C172,AGC UA /OV 5 SOUTH OF AGC DURD RY 28/TM 2123/FL030/TP C172/TB LT - MOD TURB/RM +- 8KTS ON FINAL,LT - MOD TURB,202503202100-KMSC-UBUS01-PIREP,3000.0,40.27137991665992,-79.92167,2025-03-20 21:23:00,3.0,L,"('KPBZ', 'KCCX', 'KCLE', 'KRLX', 'KLWX')","['s3://noaa-nexrad-level2/2025/03/20/KPBZ/KPBZ20250320_212002_V06', 's3://noaa-nexrad-level2/2025/03/20/KCCX/KCCX20250320_211838_V06', 's3://noaa-nexrad-level2/2025/03/20/KCLE/KCLE20250320_212208_V06', 's3://noaa-nexrad-level2/2025/03/20/KRLX/KRLX20250320_212040_V06', 's3://noaa-nexrad-level2/2025/03/20/KLWX/KLWX20250320_212049_V06']"
95214,F,AC11,DMN UA /OV DMN/TM 2123/FL110/TP AC11/TB CONS LGT CHOP OCNL MOD CHOP/RM ZAB/FDCS,CONS LGT CHOP OCNL MOD CHOP,202503210200-KMSC-UBUS01-PIREP,11000.0,32.26231,-107.72064,2025-03-20 21:23:00,2.0,L,"('KEPZ', 'KHDX', 'KEMX', 'KABX', 'KIWA')","['s3://noaa-nexrad-level2/2025/03/20/KEPZ/KEPZ20250320_212238_V06', 's3://noaa-nexrad-level2/2025/03/20/KHDX/KHDX20250320_211607_V06', 's3://noaa-nexrad-level2/2025/03/20/KEMX/KEMX20250320_212204_V06', 's3://noaa-nexrad-level2/2025/03/20/KABX/KABX20250320_211926_V06', 's3://noaa-nexrad-level2/2025/03/20/KIWA/KIWA20250320_211545_V06']"
95215,F,B737,DLG UA /OV DLG /TM 2124 /FL040 /TP B737 /SK OVC020-TOP040 /TB NEG/IC NEG /RM (AKFSS),NEG,202503202100-KMSC-UBUS01-PIREP,4000.0,59.04,-158.5,2025-03-20 21:24:00,0.0,M,"('PAKC', 'PABC', 'PAHG', 'PAEC', 'PAIH')","['s3://noaa-nexrad-level2/2025/03/20/PAKC/PAKC20250320_212219_V06', 's3://noaa-nexrad-level2/2025/03/20/PAHG/PAHG20250320_212052_V06', 's3://noaa-nexrad-level2/2025/03/20/PAEC/PAEC20250320_212032_V06', 's3://noaa-nexrad-level2/2025/03/20/PAIH/PAIH20250320_212018_V06']"
95216,F,B737,DLG UA /OV DLG /TM 2124 /FL040 /TP B737 /SK OVC020-TOP040 /TB NEG /IC NEG /RM (AKFSS,NEG,202503202130-KWBC-UBAK90-PIREP,4000.0,59.04,-158.5,2025-03-20 21:24:00,0.0,M,"('PAKC', 'PABC', 'PAHG', 'PAEC', 'PAIH')","['s3://noaa-nexrad-level2/2025/03/20/PAKC/PAKC20250320_212219_V06', 's3://noaa-nexrad-level2/2025/03/20/PAHG/PAHG20250320_212052_V06', 's3://noaa-nexrad-level2/2025/03/20/PAEC/PAEC20250320_212032_V06', 's3://noaa-nexrad-level2/2025/03/20/PAIH/PAIH20250320_212018_V06']"
95217,F,PC12,MDT UA /OV 15 NW HAR/TM 2125/FL080/TP PC12/TB MOD CHOP /IC MOD ICING,MOD CHOP,202503202100-KMSC-UBUS01-PIREP,8000.0,40.37340572402221,-77.28825916922435,2025-03-20 21:25:00,3.0,L,"('KCCX', 'KLWX', 'KBGM', 'KDOX', 'KDIX')","['s3://noaa-nexrad-level2/2025/03/20/KCCX/KCCX20250320_212444_V06', 's3://noaa-nexrad-level2/2025/03/20/KLWX/KLWX20250320_212049_V06', 's3://noaa-nexrad-level2/2025/03/20/KBGM/KBGM20250320_212338_V06', 's3://noaa-nexrad-level2/2025/03/20/KDOX/KDOX20250320_212457_V06', 's3://noaa-nexrad-level2/2025/03/20/KDIX/KDIX20250320_212117_V06']"
95218,F,LJ60,MRB UA /OV MRB 040010/TM 2125/FL120/TP LJ60/TB MOD TURB 190-120,MOD TURB 190-120,202503202100-KMSC-UBUS01-PIREP,12000.0,39.52958441546348,-77.84601565894819,2025-03-20 21:25:00,3.0,M,"('KLWX', 'KCCX', 'KDOX', 'KPBZ', 'KAKQ')","['s3://noaa-nexrad-level2/2025/03/20/KLWX/KLWX20250320_212049_V06', 's3://noaa-nexrad-level2/2025/03/20/KCCX/KCCX20250320_212444_V06', 's3://noaa-nexrad-level2/2025/03/20/KDOX/KDOX20250320_212457_V06', 's3://noaa-nexrad-level2/2025/03/20/KPBZ/KPBZ20250320_212426_V06', 's3://noaa-nexrad-level2/2025/03/20/KAKQ/KAKQ20250320_212342_V06']"
95219,F,B738,LNK UA /OV LNK/TM 2126/FL370/TP B738/TB CONS LGT CHOP,CONS LGT CHOP,202503202100-KMSC-UBUS01-PIREP,37000.0,40.831178,-96.763275,2025-03-20 21:26:00,1.0,M,"('KOAX', 'KUEX', 'KTWX', 'KFSD', 'KDMX')","['s3://noaa-nexrad-level2/2025/03/20/KOAX/KOAX20250320_211945_V06', 's3://noaa-nexrad-level2/2025/03/20/KUEX/KUEX20250320_212317_V06', 's3://noaa-nexrad-level2/2025/03/20/KTWX/KTWX20250320_212437_V06', 's3://noaa-nexrad-level2/2025/03/20/KFSD/KFSD20250320_212110_V06', 's3://noaa-nexrad-level2/2025/03/20/KDMX/KDMX20250320_211925_V06']"
95220,F,A321,SUE UA /OV KSUE/TM 2128/FL360/TP A321/TB CONS LGT OCNL MOD CHOP,CONS LGT OCNL MOD CHOP,202503202100-KMSC-UBUS01-PIREP,36000.0,44.84367,-87.42156,2025-03-20 21:28:00,2.0,M,"('KGRB', 'KMQT', 'KMKX', 'KAPX', 'KGRR')","['s3://noaa-nexrad-level2/2025/03/20/KGRB/KGRB20250320_212147_V06', 's3://noaa-nexrad-level2/2025/03/20/KMQT/KMQT20250320_212607_V06', 's3://noaa-nexrad-level2/2025/03/20/KMKX/KMKX20250320_212610_V06', 's3://noaa-nexrad-level2/2025/03/20/KAPX/KAPX20250320_212241_V06', 's3://noaa-nexrad-level2/2025/03/20/KGRR/KGRR20250320_212653_V06']"
95221,F,TBM9,LAS UA /OV HND115020/TM 2128/FL070/TP TBM9/TB MOD,MOD,202503202200-KMSC-UBUS01-PIREP,7000.0,35.831975835381954,-114.76111884529458,2025-03-20 21:28:00,3.0,U,"('KESX', 'KICX', 'KEYX', 'KYUX', 'KSOX')","['s3://noaa-nexrad-level2/2025/03/20/KESX/KESX20250320_212644_V06', 's3://noaa-nexrad-level2/2025/03/20/KICX/KICX20250320_212300_V06', 's3://noaa-nexrad-level2/2025/03/20/KEYX/KEYX20250320_212703_V06', 's3://noaa-nexrad-level2/2025/03/20/KYUX/KYUX20250320_212030_V06', 's3://noaa-nexrad-level2/2025/03/20/KSOX/KSOX20250320_212709_V06']"
95222,F,AC11,SAF UA /OV SAF320040/TM 2128/FL110/TP AC11/TB CONS LGT OCNL CHOP/RM ZAB/FDCS,CONS LGT OCNL CHOP,202503210200-KMSC-UBUS01-PIREP,11000.0,36.12784766185394,-106.61660121408258,2025-03-20 21:28:00,1.0,L,"('KABX', 'KHDX', 'KGJX', 'KFDX', 'KPUX')","['s3://noaa-nexrad-level2/2025/03/20/KABX/KABX20250320_212407_V06', 's3://noaa-nexrad-level2/2025/03/20/KHDX/KHDX20250320_212305_V06', 's3://noaa-nexrad-level2/2025/03/20/KGJX/KGJX20250320_212308_V06', 's3://noaa-nexrad-level2/2025/03/20/KFDX/KFDX20250320_212249_V06', 's3://noaa-nexrad-level2/2025/03/20/KPUX/KPUX20250320_212222_V06']"
95223,F,BCS3,AMA UA /OV BFV300015/TM 2128/FL360/TP BCS3/TB LGT-MOD CHOP/RM ZAB/FDCS,LGT-MOD CHOP,202503210200-KMSC-UBUS01-PIREP,36000.0,35.36501012501013,-99.4751067478532,2025-03-20 21:28:00,2.0,U,"('KFDR', 'KVNX', 'KOUN', 'KTLX', 'KAMA')","['s3://noaa-nexrad-level2/2025/03/20/KFDR/KFDR20250320_212111_V06', 's3://noaa-nexrad-level2/2025/03/20/KVNX/KVNX20250320_212654_V06', 's3://noaa-nexrad-level2/2025/03/20/KTLX/KTLX20250320_212616_V06', 's3://noaa-nexrad-level2/2025/03/20/KAMA/KAMA20250320_212208_V06']"
95224,F,GLF5,RIC UA /OV RIC/TM 2129/FL430/TP GLF5/TB MOD CHOP,MOD CHOP,202503202100-KMSC-UBUS01-PIREP,43000.0,37.5115,-77.32336,2025-03-20 21:29:00,3.0,M,"('KAKQ', 'KLWX', 'KRAX', 'KDOX', 'KMHX')","['s3://noaa-nexrad-level2/2025/03/20/KAKQ/KAKQ20250320_212342_V06', 's3://noaa-nexrad-level2/2025/03/20/KLWX/KLWX20250320_212638_V06', 's3://noaa-nexrad-level2/2025/03/20/KRAX/KRAX20250320_212338_V06', 's3://noaa-nexrad-level2/2025/03/20/KDOX/KDOX20250320_212457_V06', 's3://noaa-nexrad-level2/2025/03/20/KMHX/KMHX20250320_212706_V06']"
95225,F,PC12,AFO UA /OV AFO/TM 2130/FL130/TP PC12/TA M16/TB MOD/IC LGT RIME/RM DURD /ZLC,MOD,202503202100-KMSC-UBUS01-PIREP,13000.0,42.7112,-110.9422,2025-03-20 21:30:00,3.0,L,"('KSFX', 'KMTX', 'KRIW', 'KBLX', 'KGJX')","['s3://noaa-nexrad-level2/2025/03/20/KSFX/KSFX20250320_212827_V06', 's3://noaa-nexrad-level2/2025/03/20/KMTX/KMTX20250320_212927_V06', 's3://noaa-nexrad-level2/2025/03/20/KRIW/KRIW20250320_212705_V06', 's3://noaa-nexrad-level2/2025/03/20/KBLX/KBLX20250320_212758_V06', 's3://noaa-nexrad-level2/2025/03/20/KGJX/KGJX20250320_212834_V06']"
95226,F,B737,JOT UA /OV ELX/TM 2130/FL235/TP B737/TB CONS MOD/RM DURC 230-280,CONS MOD,202503202100-KMSC-UBUS01-PIREP,23500.0,42.14,-86.12,2025-03-20 21:30:00,3.0,M,"('KIWX', 'KGRR', 'KLOT', 'KIND', 'KMKX')","['s3://noaa-nexrad-level2/2025/03/20/KIWX/KIWX20250320_212231_V06', 's3://noaa-nexrad-level2/2025/03/20/KGRR/KGRR20250320_212653_V06', 's3://noaa-nexrad-level2/2025/03/20/KLOT/KLOT20250320_212432_V06', 's3://noaa-nexrad-level2/2025/03/20/KIND/KIND20250320_212352_V06', 's3://noaa-nexrad-level2/2025/03/20/KMKX/KMKX20250320_212610_V06']"
95227,F,B738,JNU UA /OV SSR070030/TM 2130/FL100/TP B738/SK OVC025/WX TOP 040/TB OCNL LGT CHOP BLO 090/RM DURC  ZAN,OCNL LGT CHOP BLO 090,202503202100-KMSC-UBUS01-PIREP,10000.0,58.34102392349249,-134.35905627390423,2025-03-20 21:30:00,1.0,M,"('PACG', 'PAIH', 'PAIH', 'PAPD', 'KLGX')","['s3://noaa-nexrad-level2/2025/03/20/PACG/PACG20250320_212943_V06', 's3://noaa-nexrad-level2/2025/03/20/PAIH/PAIH20250320_212930_V06', 's3://noaa-nexrad-level2/2025/03/20/PAIH/PAIH20250320_212930_V06', 's3://noaa-nexrad-level2/2025/03/20/PAPD/PAPD20250320_212355_V06', 's3://noaa-nexrad-level2/2025/03/20/KLGX/KLGX20250320_212702_V06']"
95228,F,B772,GRI UA /OV GRI/TM 2131/FL360/TP B772/TB CONS LGT CHOP,CONS LGT CHOP,202503202100-KMSC-UBUS01-PIREP,36000.0,40.96754,-98.30964,2025-03-20 21:31:00,1.0,H,"('KUEX', 'KOAX', 'KLNX', 'KTWX', 'KFSD')","['s3://noaa-nexrad-level2/2025/03/20/KUEX/KUEX20250320_213017_V06', 's3://noaa-nexrad-level2/2025/03/20/KOAX/KOAX20250320_212634_V06', 's3://noaa-nexrad-level2/2025/03/20/KLNX/KLNX20250320_213004_V06', 's3://noaa-nexrad-level2/2025/03/20/KTWX/KTWX20250320_212437_V06', 's3://noaa-nexrad-level2/2025/03/20/KFSD/KFSD20250320_212800_V06']"
95229,F,PC12,PUB UA /OV PUB353020/TM 2132/FL170/TP PC12/SK BASE180/TB LGT/IC NEG/RM ZDVWC-,LGT,202503202100-KMSC-UBUS01-PIREP,17000.0,38.62087551598667,-104.55009099587774,2025-03-20 21:32:00,1.0,L,"('KPUX', 'KFTG', 'KCYS', 'KGLD', 'KGJX')","['s3://noaa-nexrad-level2/2025/03/20/KPUX/KPUX20250320_212928_V06', 's3://noaa-nexrad-level2/2025/03/20/KFTG/KFTG20250320_212531_V06', 's3://noaa-nexrad-level2/2025/03/20/KCYS/KCYS20250320_212735_V06', 's3://noaa-nexrad-level2/2025/03/20/KGLD/KGLD20250320_212241_V06', 's3://noaa-nexrad-level2/2025/03/20/KGJX/KGJX20250320_212834_V06']"
95230,F,PC12,PUB UA /OV PUB353020/TM 2132/FL170/TP PC12/SK BASE180/TB LGT/IC NEG/RM ZDVWC,LGT,202503202140-KWBC-UBUS31-PRCUS,17000.0,38.62087551598667,-104.55009099587774,2025-03-20 21:32:00,1.0,L,"('KPUX', 'KFTG', 'KCYS', 'KGLD', 'KGJX')","['s3://noaa-nexrad-level2/2025/03/20/KPUX/KPUX20250320_212928_V06', 's3://noaa-nexrad-level2/2025/03/20/KFTG/KFTG20250320_212531_V06', 's3://noaa-nexrad-level2/2025/03/20/KCYS/KCYS20250320_212735_V06', 's3://noaa-nexrad-level2/2025/03/20/KGLD/KGLD20250320_212241_V06', 's3://noaa-nexrad-level2/2025/03/20/KGJX/KGJX20250320_212834_V06']"
95231,F,A320,ASE UA /OV DBL205033/TM 2134/FL330/TP A320/TB LGT CHOP/RM ZDVWC-04,LGT CHOP,202503202100-KMSC-UBUS01-PIREP,33000.0,38.941490341077554,-107.2009993570306,2025-03-20 21:34:00,1.0,M,"('KGJX', 'KFTG', 'KPUX', 'KCYS', 'KABX')","['s3://noaa-nexrad-level2/2025/03/20/KGJX/KGJX20250320_212834_V06', 's3://noaa-nexrad-level2/2025/03/20/KFTG/KFTG20250320_212531_V06', 's3://noaa-nexrad-level2/2025/03/20/KPUX/KPUX20250320_212928_V06', 's3://noaa-nexrad-level2/2025/03/20/KCYS/KCYS20250320_212735_V06', 's3://noaa-nexrad-level2/2025/03/20/KABX/KABX20250320_213331_V06']"
95232,F,P28A,HII UA /OV KHII /TM 2134 /FL075 /TP P28A /TB NEG BLO 075 /RM DURC,NEG BLO 075,202503202100-KMSC-UBUS01-PIREP,7500.0,34.5711,-114.3583,2025-03-20 21:34:00,0.0,L,"('KESX', 'KYUX', 'KIWA', 'KNKX', 'KFSX')","['s3://noaa-nexrad-level2/2025/03/20/KESX/KESX20250320_213353_V06', 's3://noaa-nexrad-level2/2025/03/20/KYUX/KYUX20250320_212912_V06', 's3://noaa-nexrad-level2/2025/03/20/KIWA/KIWA20250320_213302_V06', 's3://noaa-nexrad-level2/2025/03/20/KNKX/KNKX20250320_213313_V06', 's3://noaa-nexrad-level2/2025/03/20/KFSX/KFSX20250320_213347_V06']"
95233,F,A320,PGA UA /OV TBC/TM 2134/FL330/TP A320/TB CONS LGT CHOP/RM ZDVWC-,CONS LGT CHOP,202503202100-KMSC-UBUS01-PIREP,33000.0,36.12,-111.27,2025-03-20 21:34:00,1.0,M,"('KFSX', 'KFSX', 'KICX', 'KIWA', 'KESX')","['s3://noaa-nexrad-level2/2025/03/20/KFSX/KFSX20250320_213347_V06', 's3://noaa-nexrad-level2/2025/03/20/KFSX/KFSX20250320_213347_V06', 's3://noaa-nexrad-level2/2025/03/20/KICX/KICX20250320_213138_V06', 's3://noaa-nexrad-level2/2025/03/20/KIWA/KIWA20250320_213302_V06', 's3://noaa-nexrad-level2/2025/03/20/KESX/KESX20250320_213353_V06']"
95234,F,A320,PGA UA /OV TBC/TM 2134/FL330/TP A320/TB CONS LGT CHOP/RM ZDVWC,CONS LGT CHOP,202503202140-KWBC-UBUS31-PRCUS,33000.0,36.12,-111.27,2025-03-20 21:34:00,1.0,M,"('KFSX', 'KFSX', 'KICX', 'KIWA', 'KESX')","['s3://noaa-nexrad-level2/2025/03/20/KFSX/KFSX20250320_213347_V06', 's3://noaa-nexrad-level2/2025/03/20/KFSX/KFSX20250320_213347_V06', 's3://noaa-nexrad-level2/2025/03/20/KICX/KICX20250320_213138_V06', 's3://noaa-nexrad-level2/2025/03/20/KIWA/KIWA20250320_213302_V06', 's3://noaa-nexrad-level2/2025/03/20/KESX/KESX20250320_213353_V06']"
95235,F,B752,ATL UA /OV GSU195028/TM 2134/FL150/TP B752/TB NEG/RM DURC ZTLFD 21,NEG,202503202100-KMSC-UBUS01-PIREP,15000.0,33.6301,-84.4418,2025-03-20 21:34:00,0.0,M,"('KFFC', 'KJGX', 'KMXX', 'KHTX', 'KBMX')","['s3://noaa-nexrad-level2/2025/03/20/KFFC/KFFC20250320_212953_V06', 's3://noaa-nexrad-level2/2025/03/20/KJGX/KJGX20250320_213347_V06', 's3://noaa-nexrad-level2/2025/03/20/KMXX/KMXX20250320_213027_V06', 's3://noaa-nexrad-level2/2025/03/20/KHTX/KHTX20250320_213213_V06', 's3://noaa-nexrad-level2/2025/03/20/KBMX/KBMX20250320_213359_V06']"
95236,F,E170,TBN UA /OV VIH/TM 2134/FL300/TP E170/TB LGT CHOP/RM ZKC FDC,LGT CHOP,202503202100-KMSC-UBUS01-PIREP,30000.0,38.13,-91.77,2025-03-20 21:34:00,1.0,U,"('KLSX', 'KSGF', 'KEAX', 'KILX', 'KPAH')","['s3://noaa-nexrad-level2/2025/03/20/KLSX/KLSX20250320_213226_V06', 's3://noaa-nexrad-level2/2025/03/20/KSGF/KSGF20250320_213204_V06', 's3://noaa-nexrad-level2/2025/03/20/KEAX/KEAX20250320_141950_V06', 's3://noaa-nexrad-level2/2025/03/20/KILX/KILX20250320_213128_V06', 's3://noaa-nexrad-level2/2025/03/20/KPAH/KPAH20250320_212833_V06']"
95237,F,B737,DEN UA /OV 50SW DEN/TM 2135/FL175/TP B737/TB MOD/RM DUR DECENT,MOD,202503202100-KMSC-UBUS01-PIREP,17500.0,39.24349661925575,-105.4249050906092,2025-03-20 21:35:00,3.0,M,"('KFTG', 'KPUX', 'KCYS', 'KGJX', 'KGLD')","['s3://noaa-nexrad-level2/2025/03/20/KFTG/KFTG20250320_213414_V06', 's3://noaa-nexrad-level2/2025/03/20/KPUX/KPUX20250320_212928_V06', 's3://noaa-nexrad-level2/2025/03/20/KCYS/KCYS20250320_212735_V06', 's3://noaa-nexrad-level2/2025/03/20/KGJX/KGJX20250320_213408_V06', 's3://noaa-nexrad-level2/2025/03/20/KGLD/KGLD20250320_213220_V06']"
95238,F,A321,ATL UA /OV SOT040020/TM 2135/FL270/TP A321/TB MOD/RM ZTLFD 42,MOD,202503202100-KMSC-UBUS01-PIREP,27000.0,36.045368830926975,-82.78583715541018,2025-03-20 21:35:00,3.0,M,"('KMRX', 'KGSP', 'KJKL', 'KRLX', 'KCAE')","['s3://noaa-nexrad-level2/2025/03/20/KMRX/KMRX20250320_213245_V06', 's3://noaa-nexrad-level2/2025/03/20/KGSP/KGSP20250320_213309_V06', 's3://noaa-nexrad-level2/2025/03/20/KJKL/KJKL20250320_213337_V06', 's3://noaa-nexrad-level2/2025/03/20/KRLX/KRLX20250320_213429_V06', 's3://noaa-nexrad-level2/2025/03/20/KCAE/KCAE20250320_213300_V06']"
95239,T,CL35,YIP UUA /OV YIP/TM 2136/FL0000/TP CL35/TB MOD/RM +/- 10 KNOTS ON FINAL FOR RWY 27,MOD,202503202100-KMSC-UBUS01-PIREP,0.0,42.23793,-83.53041,2025-03-20 21:36:00,3.0,U,"('KDTX', 'KCLE', 'KGRR', 'KIWX', 'KILN')","['s3://noaa-nexrad-level2/2025/03/20/KDTX/KDTX20250320_213145_V06', 's3://noaa-nexrad-level2/2025/03/20/KCLE/KCLE20250320_213129_V06', 's3://noaa-nexrad-level2/2025/03/20/KGRR/KGRR20250320_213510_V06', 's3://noaa-nexrad-level2/2025/03/20/KIWX/KIWX20250320_213100_V06', 's3://noaa-nexrad-level2/2025/03/20/KILN/KILN20250320_213500_V06']"
95240,F,B737,HOT UA /OV HOT270030/TM 2137/FL340/TP B737/TB CONS LGT CHOP/RM ZME,CONS LGT CHOP,202503202100-KMSC-UBUS01-PIREP,34000.0,34.47803,-93.7028125330267,2025-03-20 21:37:00,1.0,M,"('KSRX', 'KLZK', 'KSHV', 'KINX', 'KSGF')","['s3://noaa-nexrad-level2/2025/03/20/KSRX/KSRX20250320_212930_V06', 's3://noaa-nexrad-level2/2025/03/20/KLZK/KLZK20250320_213257_V06', 's3://noaa-nexrad-level2/2025/03/20/KSHV/KSHV20250320_213619_V06', 's3://noaa-nexrad-level2/2025/03/20/KINX/KINX20250320_213225_V06', 's3://noaa-nexrad-level2/2025/03/20/KSGF/KSGF20250320_213204_V06']"
95241,F,B763,SDF UA /OV IIU/TM 2137/FL150/TP B763/SK TOP085/TB NEG,NEG,202503202200-KMSC-UBUS01-PIREP,15000.0,38.1,-85.58,2025-03-20 21:37:00,0.0,H,"('KLVX', 'KIND', 'KOHX', 'KVWX', 'KHPX')","['s3://noaa-nexrad-level2/2025/03/20/KLVX/KLVX20250320_213252_V06', 's3://noaa-nexrad-level2/2025/03/20/KIND/KIND20250320_213050_V06', 's3://noaa-nexrad-level2/2025/03/20/KOHX/KOHX20250320_213231_V06', 's3://noaa-nexrad-level2/2025/03/20/KVWX/KVWX20250320_213216_V06', 's3://noaa-nexrad-level2/2025/03/20/KHPX/KHPX20250320_213142_V06']"
95242,F,C68A,MJX UA /OV CYN/TM 2138/FL170/TP C68A/TB MOD,MOD,202503202100-KMSC-UBUS01-PIREP,17000.0,39.82,-74.43,2025-03-20 21:38:00,3.0,U,"('KDIX', 'KDOX', 'KOKX', 'KENX', 'KBGM')","['s3://noaa-nexrad-level2/2025/03/20/KDIX/KDIX20250320_213527_V06', 's3://noaa-nexrad-level2/2025/03/20/KDOX/KDOX20250320_213644_V06', 's3://noaa-nexrad-level2/2025/03/20/KOKX/KOKX20250320_213702_V06', 's3://noaa-nexrad-level2/2025/03/20/KENX/KENX20250320_213733_V06', 's3://noaa-nexrad-level2/2025/03/20/KBGM/KBGM20250320_213556_V06']"
95243,F,E75L,SYR UA /OV SYR10030/TM 2138/FL130/TP E75L/TA 09/TB LGT-MOD CHOP/IC LGT RIME 130-230/RM DURC,LGT-MOD CHOP,202503202100-KMSC-UBUS01-PIREP,13000.0,43.11119,-76.10631,2025-03-20 21:38:00,2.0,U,"('KTYX', 'KBGM', 'KENX', 'KBUF', 'KCCX')","['s3://noaa-nexrad-level2/2025/03/20/KTYX/KTYX20250320_213547_V06', 's3://noaa-nexrad-level2/2025/03/20/KBGM/KBGM20250320_213556_V06', 's3://noaa-nexrad-level2/2025/03/20/KENX/KENX20250320_213733_V06', 's3://noaa-nexrad-level2/2025/03/20/KBUF/KBUF20250320_213618_V06', 's3://noaa-nexrad-level2/2025/03/20/KCCX/KCCX20250320_213610_V06']"
95244,F,CRJ2,RAP UA /OV RAP/TM 2138/FL120/TP CRJ2/TB CONS LGT CHOP/RM DURC. ZDVWC-31,CONS LGT CHOP,202503202100-KMSC-UBUS01-PIREP,12000.0,44.04533,-103.05736,2025-03-20 21:38:00,1.0,M,"('KUDX', 'KLNX', 'KCYS', 'KBIS', 'KFTG')","['s3://noaa-nexrad-level2/2025/03/20/KUDX/KUDX20250320_213649_V06', 's3://noaa-nexrad-level2/2025/03/20/KLNX/KLNX20250320_213649_V06', 's3://noaa-nexrad-level2/2025/03/20/KCYS/KCYS20250320_213719_V06', 's3://noaa-nexrad-level2/2025/03/20/KBIS/KBIS20250320_213514_V06', 's3://noaa-nexrad-level2/2025/03/20/KFTG/KFTG20250320_213414_V06']"
95245,F,B737,BFF UA /OV BFF295040/TM 2140/FL390/TP B737/TB CONS MOD/RM ZDVWC-33,CONS MOD,202503202100-KMSC-UBUS01-PIREP,39000.0,42.15579832923608,-104.40713963837572,2025-03-20 21:40:00,3.0,M,"('KCYS', 'KFTG', 'KUDX', 'KPUX', 'KLNX')","['s3://noaa-nexrad-level2/2025/03/20/KCYS/KCYS20250320_213719_V06', 's3://noaa-nexrad-level2/2025/03/20/KFTG/KFTG20250320_213414_V06', 's3://noaa-nexrad-level2/2025/03/20/KUDX/KUDX20250320_213649_V06', 's3://noaa-nexrad-level2/2025/03/20/KPUX/KPUX20250320_213634_V06', 's3://noaa-nexrad-level2/2025/03/20/KLNX/KLNX20250320_213649_V06']"
95246,F,B39M,BFF UA /OV BFF290050/TM 2141/FL390/TP B39M/TB MOD/RM ZDVWC-,MOD,202503202100-KMSC-UBUS01-PIREP,39000.0,42.159069872487485,-104.64738013847636,2025-03-20 21:41:00,3.0,U,"('KCYS', 'KFTG', 'KUDX', 'KPUX', 'KRIW')","['s3://noaa-nexrad-level2/2025/03/20/KCYS/KCYS20250320_213719_V06', 's3://noaa-nexrad-level2/2025/03/20/KFTG/KFTG20250320_213414_V06', 's3://noaa-nexrad-level2/2025/03/20/KUDX/KUDX20250320_213649_V06', 's3://noaa-nexrad-level2/2025/03/20/KPUX/KPUX20250320_213634_V06', 's3://noaa-nexrad-level2/2025/03/20/KRIW/KRIW20250320_213548_V06']"
95247,F,P28A,LUF UA /OV KDVT-E25 /TM 2141 /FL045 /TP P28A /TB NEG BLO 045 /RM DURD,NEG BLO 045,202503202100-KMSC-UBUS01-PIREP,4500.0,33.829155,-112.43628,2025-03-20 21:41:00,0.0,L,"('KIWA', 'KFSX', 'KFSX', 'KYUX', 'KEMX')","['s3://noaa-nexrad-level2/2025/03/20/KIWA/KIWA20250320_213302_V06', 's3://noaa-nexrad-level2/2025/03/20/KFSX/KFSX20250320_213347_V06', 's3://noaa-nexrad-level2/2025/03/20/KFSX/KFSX20250320_213347_V06', 's3://noaa-nexrad-level2/2025/03/20/KYUX/KYUX20250320_213754_V06', 's3://noaa-nexrad-level2/2025/03/20/KEMX/KEMX20250320_213615_V06']"
95248,F,GLF6,PGA UA /OV KPGA /TM 2141 /FL450 /TP GLF6 /TA M58 /TB NEG,NEG,202503202100-KMSC-UBUS01-PIREP,45000.0,36.92608,-111.44836,2025-03-20 21:41:00,0.0,U,"('KICX', 'KFSX', 'KFSX', 'KIWA', 'KESX')","['s3://noaa-nexrad-level2/2025/03/20/KICX/KICX20250320_214016_V06', 's3://noaa-nexrad-level2/2025/03/20/KFSX/KFSX20250320_213347_V06', 's3://noaa-nexrad-level2/2025/03/20/KFSX/KFSX20250320_213347_V06', 's3://noaa-nexrad-level2/2025/03/20/KIWA/KIWA20250320_213302_V06', 's3://noaa-nexrad-level2/2025/03/20/KESX/KESX20250320_213353_V06']"
95249,F,S22T,TLH UA /OV TLH140030/TM 2141/FL070/TP S22T/TB MOD,MOD,202503202100-KMSC-UBUS01-PIREP,7000.0,30.01048675360954,-83.97871987124425,2025-03-20 21:41:00,3.0,U,"('KTLH', 'KVAX', 'KEVX', 'KEOX', 'KJAX')","['s3://noaa-nexrad-level2/2025/03/20/KTLH/KTLH20250320_213644_V06', 's3://noaa-nexrad-level2/2025/03/20/KVAX/KVAX20250320_213539_V06', 's3://noaa-nexrad-level2/2025/03/20/KEVX/KEVX20250320_214019_V06', 's3://noaa-nexrad-level2/2025/03/20/KEOX/KEOX20250320_143812_V06', 's3://noaa-nexrad-level2/2025/03/20/KJAX/KJAX20250320_214023_V06']"
95250,F,B39M,BFF UA /OV BFF290050/TM 2141/FL390/TP B39M/TB MOD/RM ZDVWC,MOD,202503202145-KWBC-UBNE90-PIREP,39000.0,42.159069872487485,-104.64738013847636,2025-03-20 21:41:00,3.0,U,"('KCYS', 'KFTG', 'KUDX', 'KPUX', 'KRIW')","['s3://noaa-nexrad-level2/2025/03/20/KCYS/KCYS20250320_213719_V06', 's3://noaa-nexrad-level2/2025/03/20/KFTG/KFTG20250320_213414_V06', 's3://noaa-nexrad-level2/2025/03/20/KUDX/KUDX20250320_213649_V06', 's3://noaa-nexrad-level2/2025/03/20/KPUX/KPUX20250320_213634_V06', 's3://noaa-nexrad-level2/2025/03/20/KRIW/KRIW20250320_213548_V06']"
95251,F,C56X,BGM UA /OV CFB190035/TM 2141/FL170/TP C56X/TA M11/TB MOD CAT/IC MOD RIME/RM FL170-190,MOD CAT,202503202100-KMSC-UBUS01-PIREP,17000.0,41.585482278530016,-76.27666075155541,2025-03-20 21:41:00,3.0,M,"('KBGM', 'KCCX', 'KTYX', 'KENX', 'KDIX')","['s3://noaa-nexrad-level2/2025/03/20/KBGM/KBGM20250320_213556_V06', 's3://noaa-nexrad-level2/2025/03/20/KCCX/KCCX20250320_213610_V06', 's3://noaa-nexrad-level2/2025/03/20/KTYX/KTYX20250320_213547_V06', 's3://noaa-nexrad-level2/2025/03/20/KENX/KENX20250320_213733_V06', 's3://noaa-nexrad-level2/2025/03/20/KDIX/KDIX20250320_213527_V06']"
95252,F,GLEX,PSB UA /OV PSB100010/TM 2141/FL215/TP GLEX/TB CONT MOD CHOP 215-255/RM DURD,CONT MOD CHOP 215-255,202503202100-KMSC-UBUS01-PIREP,21500.0,40.855446292802775,-77.87022226034723,2025-03-20 21:41:00,3.0,M,"('KCCX', 'KLWX', 'KBUF', 'KBGM', 'KPBZ')","['s3://noaa-nexrad-level2/2025/03/20/KCCX/KCCX20250320_213610_V06', 's3://noaa-nexrad-level2/2025/03/20/KLWX/KLWX20250320_213819_V06', 's3://noaa-nexrad-level2/2025/03/20/KBUF/KBUF20250320_213618_V06', 's3://noaa-nexrad-level2/2025/03/20/KBGM/KBGM20250320_213556_V06', 's3://noaa-nexrad-level2/2025/03/20/KPBZ/KPBZ20250320_213801_V06']"
95253,F,B739,ATL UA /OV CLT/TM 2142/FL330/TP B739/TB NEG/RM ZTLFD 33,NEG,202503202100-KMSC-UBUS01-PIREP,33000.0,35.22255,-80.95431,2025-03-20 21:42:00,0.0,M,"('KCAE', 'KGSP', 'KFCX', 'KRAX', 'KCLX')","['s3://noaa-nexrad-level2/2025/03/20/KCAE/KCAE20250320_214133_V06', 's3://noaa-nexrad-level2/2025/03/20/KGSP/KGSP20250320_214144_V06', 's3://noaa-nexrad-level2/2025/03/20/KFCX/KFCX20250320_213656_V06', 's3://noaa-nexrad-level2/2025/03/20/KRAX/KRAX20250320_213604_V06', 's3://noaa-nexrad-level2/2025/03/20/KCLX/KCLX20250320_214039_V06']"
95254,F,PC12,COS UA /OV BRK320030/TM 2142/FL160/TP PC12/TB NEG/RM ZDVWC-41,NEG,202503202100-KMSC-UBUS01-PIREP,16000.0,39.32305324639046,-105.043239848578,2025-03-20 21:42:00,0.0,L,"('KFTG', 'KPUX', 'KCYS', 'KGJX', 'KGLD')","['s3://noaa-nexrad-level2/2025/03/20/KFTG/KFTG20250320_213414_V06', 's3://noaa-nexrad-level2/2025/03/20/KPUX/KPUX20250320_213634_V06', 's3://noaa-nexrad-level2/2025/03/20/KCYS/KCYS20250320_213719_V06', 's3://noaa-nexrad-level2/2025/03/20/KGJX/KGJX20250320_213934_V06', 's3://noaa-nexrad-level2/2025/03/20/KGLD/KGLD20250320_214158_V06']"
95255,F,E75S,PIA UA /OV BDF/TM 2142/FL220/TP E75S/TB NEG/IC NEG,NEG,202503202100-KMSC-UBUS01-PIREP,22000.0,41.16,-89.59,2025-03-20 21:42:00,0.0,U,"('KILX', 'KDVN', 'KLOT', 'KMKX', 'KLSX')","['s3://noaa-nexrad-level2/2025/03/20/KILX/KILX20250320_213816_V06', 's3://noaa-nexrad-level2/2025/03/20/KDVN/KDVN20250320_213410_V06', 's3://noaa-nexrad-level2/2025/03/20/KLOT/KLOT20250320_213829_V06', 's3://noaa-nexrad-level2/2025/03/20/KMKX/KMKX20250320_213952_V06', 's3://noaa-nexrad-level2/2025/03/20/KLSX/KLSX20250320_213915_V06']"
95256,F,B739,IAD UA /OV AML350025/TM 2142/FL140/TP B739/TB LGT/RM DURC,LGT,202503202100-KMSC-UBUS01-PIREP,14000.0,39.34036980104999,-77.56301702445242,2025-03-20 21:42:00,1.0,M,"('KLWX', 'KCCX', 'KDOX', 'KAKQ', 'KPBZ')","['s3://noaa-nexrad-level2/2025/03/20/KLWX/KLWX20250320_213819_V06', 's3://noaa-nexrad-level2/2025/03/20/KCCX/KCCX20250320_214131_V06', 's3://noaa-nexrad-level2/2025/03/20/KDOX/KDOX20250320_213644_V06', 's3://noaa-nexrad-level2/2025/03/20/KAKQ/KAKQ20250320_214128_V06', 's3://noaa-nexrad-level2/2025/03/20/KPBZ/KPBZ20250320_213801_V06']"
95257,F,P28A,ATL UA /OV ODF/TM 2144/FL055/TP P28A/TB LGT MOD/RM ZTLFD 49,LGT MOD,202503202100-KMSC-UBUS01-PIREP,5500.0,34.7,-83.3,2025-03-20 21:44:00,2.0,L,"('KGSP', 'KMRX', 'KFFC', 'KJGX', 'KCAE')","['s3://noaa-nexrad-level2/2025/03/20/KGSP/KGSP20250320_214144_V06', 's3://noaa-nexrad-level2/2025/03/20/KMRX/KMRX20250320_214156_V06', 's3://noaa-nexrad-level2/2025/03/20/KFFC/KFFC20250320_214334_V06', 's3://noaa-nexrad-level2/2025/03/20/KJGX/KJGX20250320_214038_V06', 's3://noaa-nexrad-level2/2025/03/20/KCAE/KCAE20250320_214133_V06']"
95258,F,A21N,HNL UA /OV SHARK/TM 2144/FL310/TP A21N/TB OCNL MOD,OCNL MOD,202503202100-KMSC-UBUS01-PIREP,31000.0,31.43,-85.62,2025-03-20 21:44:00,3.0,U,"('KEOX', 'KEVX', 'KMXX', 'KTLH', 'KBMX')","['s3://noaa-nexrad-level2/2025/03/20/KEOX/KEOX20250320_143812_V06', 's3://noaa-nexrad-level2/2025/03/20/KEVX/KEVX20250320_214019_V06', 's3://noaa-nexrad-level2/2025/03/20/KMXX/KMXX20250320_213715_V06', 's3://noaa-nexrad-level2/2025/03/20/KTLH/KTLH20250320_214332_V06', 's3://noaa-nexrad-level2/2025/03/20/KBMX/KBMX20250320_213359_V06']"
95259,F,LJ35,DEN UA /OV 25SW APA/TM 2145/FL160/TP LJ35/TB MOD /RM 160-100,MOD,202503202100-KMSC-UBUS01-PIREP,16000.0,39.27534830962787,-105.2322441182522,2025-03-20 21:45:00,3.0,M,"('KFTG', 'KPUX', 'KCYS', 'KGJX', 'KGLD')","['s3://noaa-nexrad-level2/2025/03/20/KFTG/KFTG20250320_214256_V06', 's3://noaa-nexrad-level2/2025/03/20/KPUX/KPUX20250320_214340_V06', 's3://noaa-nexrad-level2/2025/03/20/KCYS/KCYS20250320_213719_V06', 's3://noaa-nexrad-level2/2025/03/20/KGJX/KGJX20250320_213934_V06', 's3://noaa-nexrad-level2/2025/03/20/KGLD/KGLD20250320_214158_V06']"
95260,F,A321,GWO UA /OV SQS/TM 2145/FL350/TP A321/TB CONS LGT OCNL MOD/RM ZME,CONS LGT OCNL MOD,202503202100-KMSC-UBUS01-PIREP,35000.0,33.46,-90.28,2025-03-20 21:45:00,2.0,M,"('KDGX', 'KNQA', 'KGWX', 'KLZK', 'KHDC')","['s3://noaa-nexrad-level2/2025/03/20/KDGX/KDGX20250320_214110_V06', 's3://noaa-nexrad-level2/2025/03/20/KNQA/KNQA20250320_214324_V06', 's3://noaa-nexrad-level2/2025/03/20/KGWX/KGWX20250320_214245_V06', 's3://noaa-nexrad-level2/2025/03/20/KLZK/KLZK20250320_213941_V06', 's3://noaa-nexrad-level2/2025/03/20/KHDC/KHDC20250320_213808_V06']"
95261,F,LJ35,DTW UA /OV YIP261021/TM 2146/FL067/TP LJ35/SK OVC055-067/TB NEG,NEG,202503202100-KMSC-UBUS01-PIREP,6700.0,42.1831735023144,-83.99737071598447,2025-03-20 21:46:00,0.0,M,"('KDTX', 'KGRR', 'KIWX', 'KCLE', 'KILN')","['s3://noaa-nexrad-level2/2025/03/20/KDTX/KDTX20250320_214554_V06', 's3://noaa-nexrad-level2/2025/03/20/KGRR/KGRR20250320_214451_V06', 's3://noaa-nexrad-level2/2025/03/20/KIWX/KIWX20250320_213930_V06', 's3://noaa-nexrad-level2/2025/03/20/KCLE/KCLE20250320_214529_V06', 's3://noaa-nexrad-level2/2025/03/20/KILN/KILN20250320_214047_V06']"
95262,F,H60,MSS UA /OV KMAL090020/TM 2148/FL060/TP H60/TB LGT,LGT,202503202100-KMSC-UBUS01-PIREP,6000.0,44.85,-73.84978669814932,2025-03-20 21:48:00,1.0,L,"('KCXX', 'KTYX', 'KENX', 'KBGM', 'KGYX')","['s3://noaa-nexrad-level2/2025/03/20/KCXX/KCXX20250320_214503_V06', 's3://noaa-nexrad-level2/2025/03/20/KTYX/KTYX20250320_214740_V06', 's3://noaa-nexrad-level2/2025/03/20/KENX/KENX20250320_214630_V06', 's3://noaa-nexrad-level2/2025/03/20/KBGM/KBGM20250320_214205_V06', 's3://noaa-nexrad-level2/2025/03/20/KGYX/KGYX20250320_214501_V06']"
95263,F,C560,PSB UA /OV PSB/TM 2148/FL090/TP C560/TA M02/TB MOD CHOP/IC LGT RIME,MOD CHOP,202503202100-KMSC-UBUS01-PIREP,9000.0,40.88439,-78.08734,2025-03-20 21:48:00,3.0,M,"('KCCX', 'KLWX', 'KPBZ', 'KBUF', 'KBGM')","['s3://noaa-nexrad-level2/2025/03/20/KCCX/KCCX20250320_214653_V06', 's3://noaa-nexrad-level2/2025/03/20/KLWX/KLWX20250320_214409_V06', 's3://noaa-nexrad-level2/2025/03/20/KPBZ/KPBZ20250320_214649_V06', 's3://noaa-nexrad-level2/2025/03/20/KBUF/KBUF20250320_214654_V06', 's3://noaa-nexrad-level2/2025/03/20/KBGM/KBGM20250320_214205_V06']"
95264,F,PC12,FIT UA /OV GDM100010/TM 2149/FL110/TP PC12/TB NEG,NEG,202503202100-KMSC-UBUS01-PIREP,11000.0,42.51105629280277,-71.78721675661986,2025-03-20 21:49:00,0.0,L,"('KBOX', 'KOKX', 'KGYX', 'KENX', 'KCXX')","['s3://noaa-nexrad-level2/2025/03/20/KBOX/KBOX20250320_214311_V06', 's3://noaa-nexrad-level2/2025/03/20/KOKX/KOKX20250320_214543_V06', 's3://noaa-nexrad-level2/2025/03/20/KGYX/KGYX20250320_214501_V06', 's3://noaa-nexrad-level2/2025/03/20/KENX/KENX20250320_214630_V06', 's3://noaa-nexrad-level2/2025/03/20/KCXX/KCXX20250320_214503_V06']"
95265,F,B77L,POU UA /OV PWL/TM 2149/FL140/TP B77L/TB CONS LGT CHOP OCNL MOD CHOP,CONS LGT CHOP OCNL MOD CHOP,202503202100-KMSC-UBUS01-PIREP,14000.0,41.77,-73.6,2025-03-20 21:49:00,2.0,U,"('KENX', 'KOKX', 'KDIX', 'KBGM', 'KBOX')","['s3://noaa-nexrad-level2/2025/03/20/KENX/KENX20250320_214630_V06', 's3://noaa-nexrad-level2/2025/03/20/KOKX/KOKX20250320_214543_V06', 's3://noaa-nexrad-level2/2025/03/20/KDIX/KDIX20250320_214346_V06', 's3://noaa-nexrad-level2/2025/03/20/KBGM/KBGM20250320_214814_V06', 's3://noaa-nexrad-level2/2025/03/20/KBOX/KBOX20250320_214311_V06']"
95266,F,A319,ATL UA /OV SPA/TM 2149/FL370/TP A319/TB LGT/RM ZTLFD 28,LGT,202503202100-KMSC-UBUS01-PIREP,37000.0,34.9157222,-81.9565,2025-03-20 21:49:00,1.0,M,"('KGSP', 'KCAE', 'KMRX', 'KCLX', 'KJGX')","['s3://noaa-nexrad-level2/2025/03/20/KGSP/KGSP20250320_214144_V06', 's3://noaa-nexrad-level2/2025/03/20/KCAE/KCAE20250320_214550_V06', 's3://noaa-nexrad-level2/2025/03/20/KMRX/KMRX20250320_214634_V06', 's3://noaa-nexrad-level2/2025/03/20/KCLX/KCLX20250320_214458_V06', 's3://noaa-nexrad-level2/2025/03/20/KJGX/KJGX20250320_214726_V06']"
95267,F,C68A,HFD UA /OV HFD/TM 2149/FL150/TP C68A/TB INMT LGT CHOP,INMT LGT CHOP,202503202100-KMSC-UBUS01-PIREP,15000.0,41.73672,-72.64944,2025-03-20 21:49:00,1.0,U,"('KOKX', 'KBOX', 'KENX', 'KDIX', 'KCXX')","['s3://noaa-nexrad-level2/2025/03/20/KOKX/KOKX20250320_214543_V06', 's3://noaa-nexrad-level2/2025/03/20/KBOX/KBOX20250320_214311_V06', 's3://noaa-nexrad-level2/2025/03/20/KENX/KENX20250320_214630_V06', 's3://noaa-nexrad-level2/2025/03/20/KDIX/KDIX20250320_214346_V06', 's3://noaa-nexrad-level2/2025/03/20/KCXX/KCXX20250320_214503_V06']"
95268,F,GLF5,BNO UA /OV ILR355023/TM 2150/FL380/TP GLF5/TB LGT-MOD /ZLC,LGT-MOD,202503202100-KMSC-UBUS01-PIREP,38000.0,43.97190556614481,-119.00613111536242,2025-03-20 21:50:00,2.0,M,"('KPDT', 'KCBX', 'KLRX', 'KOTX', 'KMAX')","['s3://noaa-nexrad-level2/2025/03/20/KPDT/KPDT20250320_214749_V06', 's3://noaa-nexrad-level2/2025/03/20/KCBX/KCBX20250320_214551_V06', 's3://noaa-nexrad-level2/2025/03/20/KLRX/KLRX20250320_214759_V06', 's3://noaa-nexrad-level2/2025/03/20/KOTX/KOTX20250320_214714_V06', 's3://noaa-nexrad-level2/2025/03/20/KMAX/KMAX20250320_214946_V06']"
95269,F,PC12,FIT UA /OV GDM210010/TM 2150/FL070/TP PC12/TB LGT CHOP,LGT CHOP,202503202100-KMSC-UBUS01-PIREP,7000.0,42.39565074134795,-72.12311001700522,2025-03-20 21:50:00,1.0,L,"('KBOX', 'KOKX', 'KENX', 'KCXX', 'KGYX')","['s3://noaa-nexrad-level2/2025/03/20/KBOX/KBOX20250320_214959_V06', 's3://noaa-nexrad-level2/2025/03/20/KOKX/KOKX20250320_214543_V06', 's3://noaa-nexrad-level2/2025/03/20/KENX/KENX20250320_214630_V06', 's3://noaa-nexrad-level2/2025/03/20/KCXX/KCXX20250320_214503_V06', 's3://noaa-nexrad-level2/2025/03/20/KGYX/KGYX20250320_214501_V06']"
95270,F,G150,ATL UA /OV IRQ240040/TM 2150/FL330/TP G150/TB LGT/RM ZTLFD 20,LGT,202503202100-KMSC-UBUS01-PIREP,33000.0,33.37663966663967,-82.8541058939427,2025-03-20 21:50:00,1.0,U,"('KJGX', 'KGSP', 'KFFC', 'KCAE', 'KCLX')","['s3://noaa-nexrad-level2/2025/03/20/KJGX/KJGX20250320_214726_V06', 's3://noaa-nexrad-level2/2025/03/20/KGSP/KGSP20250320_214144_V06', 's3://noaa-nexrad-level2/2025/03/20/KFFC/KFFC20250320_214334_V06', 's3://noaa-nexrad-level2/2025/03/20/KCAE/KCAE20250320_214550_V06', 's3://noaa-nexrad-level2/2025/03/20/KCLX/KCLX20250320_214918_V06']"
95271,F,B752,ATL UA /OV IRQ/TM 2150/FL360/TP B752/TB NEG/RM ZTLFD 23,NEG,202503202100-KMSC-UBUS01-PIREP,36000.0,33.71,-82.16,2025-03-20 21:50:00,0.0,M,"('KCAE', 'KGSP', 'KCLX', 'KJGX', 'KFFC')","['s3://noaa-nexrad-level2/2025/03/20/KCAE/KCAE20250320_214550_V06', 's3://noaa-nexrad-level2/2025/03/20/KGSP/KGSP20250320_214144_V06', 's3://noaa-nexrad-level2/2025/03/20/KCLX/KCLX20250320_214918_V06', 's3://noaa-nexrad-level2/2025/03/20/KJGX/KJGX20250320_214726_V06', 's3://noaa-nexrad-level2/2025/03/20/KFFC/KFFC20250320_214334_V06']"
95272,F,B757,SYR UA /OV SYR/TM 2150/FL070/TP B757/SK SCT080 BKN120 BKN150/WX 10/TA 14/WV 260@16G27/TB LGT/MOD TURB/IC TRC ICE/RM 2150Z B757 30 W OF SYR RPRTD LIGHT TO MODERATE TURB BTW 130/070 AND TRC RME IN CLOUDS. OAT +4,LGT,202503202100-KMSC-UBUS01-PIREP,7000.0,43.11119,-76.10631,2025-03-20 21:50:00,1.0,M,"('KTYX', 'KBGM', 'KENX', 'KBUF', 'KCCX')","['s3://noaa-nexrad-level2/2025/03/20/KTYX/KTYX20250320_214740_V06', 's3://noaa-nexrad-level2/2025/03/20/KBGM/KBGM20250320_214814_V06', 's3://noaa-nexrad-level2/2025/03/20/KENX/KENX20250320_214630_V06', 's3://noaa-nexrad-level2/2025/03/20/KBUF/KBUF20250320_214654_V06', 's3://noaa-nexrad-level2/2025/03/20/KCCX/KCCX20250320_214653_V06']"
95273,F,A21N,LSB UA /OV SSO292054/TM 2150/FL370/TP A21N/TB CONS LGT OCNL MOD/RM ZAB/FDCS,CONS LGT OCNL MOD,202503210200-KMSC-UBUS01-PIREP,37000.0,32.60717324292229,-110.2469806004188,2025-03-20 21:50:00,2.0,U,"('KEMX', 'KIWA', 'KFSX', 'KFSX', 'KEPZ')","['s3://noaa-nexrad-level2/2025/03/20/KEMX/KEMX20250320_214315_V06', 's3://noaa-nexrad-level2/2025/03/20/KIWA/KIWA20250320_214150_V06', 's3://noaa-nexrad-level2/2025/03/20/KFSX/KFSX20250320_214234_V06', 's3://noaa-nexrad-level2/2025/03/20/KFSX/KFSX20250320_214234_V06', 's3://noaa-nexrad-level2/2025/03/20/KEPZ/KEPZ20250320_214352_V06']"
